 46
  5.0     10.0
  10.0    50.0
  50.0    100.0
  100.0   130.0
  130.0   160.0
  160.0   190.0
  190.0   220.0
  220.0   250.0
  250.0   280.0
  280.0   310.0
  310.0   340.0
  340.0   370.0
  370.0   400.0
  400.0   440.0
  440.0   495.0
  495.0   545.0
  545.0   617.0
  617.0   667.0
  667.0   720.0
  720.0   800.0
  800.0   875.0
  875.0   940.0
  940.0   1000.0
  1000.0  1065.0
  1065.0  1108.0
  1108.0  1200.0
  1200.0  1275.0
  1275.0  1350.0
  1350.0  1450.0
  1450.0  1550.0
  1550.0  1650.0
  1650.0  1750.0
  1750.0  1850.0
  1850.0  1950.0
  1950.0  2150.0
  2150.0  2250.0
  2250.0  2450.0
  2450.0  2650.0
  2650.0  2850.0
  2850.0  3000.0
  3000.0  4000.0
  4000.0  5000.0
  5000.0  6000.0
  6000.0  7000.0
  7000.0  8000.0
  8000.0  9000.0
