           36
    1950.000000000000         2050.000000000000     
    2050.000000000000         2200.000000000000     
    2200.000000000000         2397.000000000000     
    2397.000000000000         2494.000000000000     
    2494.000000000000         2796.000000000000     
    2796.000000000000         3087.000000000000     
    3087.000000000000         3425.000000000000     
    3425.000000000000         3760.000000000000     
    3760.000000000000         4030.000000000000     
    4030.000000000000         4540.000000000000     
    4540.000000000000         4950.000000000000     
    4950.000000000000         5370.000000000000     
    5370.000000000000         5925.000000000000     
    5925.000000000000         6390.000000000000     
    6390.000000000000         6990.000000000000     
    6990.000000000000         7650.000000000000     
    7650.000000000000         8315.000000000000     
    8315.000000000000         8850.000000000000     
    8850.000000000000         9350.000000000000     
    9350.000000000000         9650.000000000000     
    9650.000000000000         10400.00000000000     
    10400.00000000000         11220.00000000000     
    11220.00000000000         11870.00000000000     
    11870.00000000000         12750.00000000000     
    12750.00000000000         13300.00000000000     
    13300.00000000000         14470.00000000000     
    14470.00000000000         15000.00000000000     
    15000.00000000000         15385.00000000000     
    15385.00000000000         16667.00000000000     
    16667.00000000000         18182.00000000000     
    18182.00000000000         20000.00000000000     
    20000.00000000000         22222.00000000000     
    22222.00000000000         25000.00000000000     
    25000.00000000000         28571.00000000000     
    28571.00000000000         33333.00000000000     
    33333.00000000000         35000.00000000000
