   1.4163562e-02
   2.8960915e-01
   4.6737099e-01
   5.4835401e-03
   2.0331848e-02
   5.6561912e-03
   2.4504482e-03
   1.8570813e-03
   3.8082864e-03
  -1.2888600e-03
   4.7714789e-03
   1.3478772e-02
   3.1343032e-03
   1.8558923e-03
   3.8941293e-02
   1.5128062e-03
   1.5326044e-03
   9.4397294e-05
  -5.0044347e-04
   7.1630688e-04
   2.0034090e-02
   1.5786138e-02
   4.1400126e-03
  -7.7746484e-04
   6.0609385e-04
   1.6116020e-03
   7.4792223e-04
   4.6571717e-04
   2.1632009e-03
   2.4513194e-03
   5.2160551e-03
   2.6992905e-03
   6.9438156e-03
   7.0160185e-03
   4.0142794e-03
   9.0804167e-03
   5.7060715e-02
   1.6878063e-02
   6.0052929e-03
   3.1345706e-03
   4.0089879e-03
   3.1346165e-03
   3.3138970e-03
   1.3852212e-03
   3.4763219e-03
   4.0330656e-02
   3.1114578e-03
   2.3626480e-02
   5.3949948e-03
   2.1669192e-03
   1.3925652e-03
   3.4998230e-03
   1.3874746e-03
   3.9378534e-03
   1.5970161e-03
   3.5222613e-03
   5.4547167e-03
   3.2337881e-03
   2.4878758e-03
   1.9147397e-03
   2.7004184e-03
   4.3930349e-04
   6.2291670e-03
   1.8694364e-02
   2.8097215e-03
   1.1951862e-03
   1.5172830e-03
   3.3045675e-03
   2.2105266e-03
   2.0943413e-03
   1.8210593e-03
   4.4176272e-03
   3.3538371e-03
   3.8861769e-03
   1.7002549e-03
   4.5718561e-03
   1.4760532e-03
   2.2229132e-03
   3.1326949e-03
   3.0566557e-03
   3.0504962e-03
   5.9806668e-03
   9.5422322e-03
   7.5045569e-03
   1.0972333e-02
   4.8691232e-03
   2.9553913e-03
   4.8495459e-03
   4.9118012e-03
   1.6642107e-03
   6.3767444e-03
   2.5164289e-03
   1.9927409e-03
   6.6308262e-03
   4.0810032e-03
   2.4226979e-03
   9.2822568e-04
   6.9466232e-03
   4.7532717e-03
   5.0699231e-03
   1.9598933e-03
  -8.2431928e-06
   9.0580645e-05
   5.4752836e-03
   7.8529260e-03
   8.0071937e-03
   4.0924015e-03
   4.5140127e-03
   1.1303733e-02
   1.0321295e-02
   1.1021848e-02
   6.9307697e-03
   9.5558918e-03
   1.2587821e-02
   9.4896439e-03
   1.1851284e-02
   1.8859885e-02
   2.9244285e-02
   2.6364838e-02
   2.6437650e-02
   2.4408500e-02
   3.6771210e-02
   3.1482057e-02
   2.9971995e-02
   2.8468654e-02
   1.2928641e-02
   1.1954163e-02
   1.3792830e-02
   1.2392021e-02
   1.2376922e-02
   1.3390414e-02
   2.2004441e-02
   2.0968721e-02
   1.6578021e-02
   1.7586803e-02
   1.8026741e-02
   1.6823088e-02
   1.9165049e-02
   1.6844577e-02
   1.2456808e-02
   1.4408121e-02
   1.4731505e-02
   2.2038101e-02
   3.3144846e-02
   4.0522087e-02
   4.8188022e-02
   5.7574191e-02
   3.1255135e-02
   9.4785880e-03
   8.4199916e-03
   1.0940305e-02
   1.0208427e-02
   8.5059851e-03
   9.7433617e-03
   9.6536485e-03
   1.3816456e-02
   1.6288611e-02
   2.3946106e-02
   3.0369513e-02
   3.1611108e-02
   2.0993728e-02
   1.4942615e-02
   1.4785488e-02
   7.6055694e-02
   1.6996273e-01
   5.6306758e-02
   1.1875558e-02
   1.2523649e-02
   1.4281905e-02
   2.2907339e-02
   1.9267594e-02
   1.4645186e-02
   1.7149060e-02
   1.4167733e-02
   1.2053073e-02
   1.3152799e-02
   1.6145152e-02
   2.1944549e-02
   1.8716029e-02
   1.9267636e-02
   2.0571291e-02
   1.9233246e-02
   2.0393510e-02
   2.0901639e-02
   1.8062772e-02
   1.6957070e-02
   1.7280956e-02
   1.6285913e-02
   1.5771280e-02
   1.6281744e-02
   1.9888843e-02
   1.8942202e-02
   1.5875759e-02
   1.6330491e-02
   1.7711867e-02
   1.8662150e-02
   1.8001065e-02
   1.8800243e-02
   1.9497847e-02
   1.8818789e-02
   2.1348028e-02
   2.0515607e-02
   2.1571006e-02
   2.4956330e-02
   2.9010471e-02
   2.7335730e-02
   2.5154287e-02
   2.4374595e-02
   2.4811575e-02
   2.1614418e-02
   2.4736631e-02
   3.0654107e-02
   2.1251453e-02
   3.6702696e-02
   3.5504632e-02
   3.9913383e-02
   3.3263671e-02
   3.0228842e-02
   3.0228283e-02
   3.0227723e-02
   3.0227164e-02
   3.0226605e-02
   3.0226046e-02
   3.0225487e-02
   3.0224927e-02
   3.0224368e-02
   3.0223809e-02
   3.0223250e-02
   3.0222691e-02
   3.0222131e-02
   3.0221572e-02
   3.0221013e-02
   3.0220454e-02
   3.0219895e-02
   3.0219335e-02
   3.0218776e-02
   3.0218217e-02
   3.0217658e-02
   3.0217099e-02
   3.0216539e-02
   3.0215980e-02
   3.0215421e-02
   3.0214862e-02
   3.0214303e-02
   3.0213743e-02
   2.7957821e-02
   2.1869989e-02
   2.7890172e-02
   3.4599463e-02
   4.0135257e-02
   3.8116910e-02
   4.1068489e-02
   4.1252233e-02
   3.0978036e-02
   3.5738407e-02
   4.4702936e-02
   5.4621525e-02
   5.8207811e-02
   4.9900289e-02
   4.7790133e-02
   5.5884721e-02
   6.3386230e-02
   7.6685885e-02
   8.8700969e-02
   9.6429386e-02
   8.5038548e-02
   8.8895191e-02
   8.8000551e-02
   7.6784928e-02
   8.7851045e-02
   9.8345272e-02
   1.0250380e-01
   8.4800785e-02
   8.4896218e-02
   8.9865395e-02
   1.2213500e-01
   1.2539800e-01
   1.0788619e-01
   1.0857518e-01
   1.8452598e-01
   2.1041976e-01
   2.1771171e-01
   1.0031248e-01
   2.2828357e-01
   2.4521430e-01
   2.1749814e-01
   1.6608964e-01
   1.7352338e-01
   1.8604645e-01
   1.8195370e-01
   1.7450099e-01
   1.7820543e-01
   2.0260623e-01
   2.0640143e-01
   2.0394973e-01
   2.1192709e-01
   2.3196249e-01
   2.3355145e-01
   2.2871417e-01
   2.1346548e-01
   2.2032364e-01
   2.1796761e-01
   2.3002453e-01
   2.4081161e-01
   2.4136372e-01
   2.3574678e-01
   2.3169954e-01
   2.2103258e-01
   1.9771595e-01
   1.4415333e-01
   1.0877968e-01
   1.2289363e-01
   1.5339376e-01
   1.6830519e-01
   1.6805186e-01
   2.0216541e-01
   1.9365960e-01
   2.0653717e-01
   2.1960097e-01
   2.2964346e-01
   2.5742297e-01
   3.7300004e-01
   3.8463874e-01
   3.1208842e-01
   2.7605247e-01
   2.7355358e-01
   2.6616789e-01
   2.7175310e-01
   2.9626602e-01
   3.1445138e-01
   3.2790756e-01
   3.4132488e-01
   3.6251547e-01
   3.6070734e-01
   3.5893558e-01
   4.0244360e-01
   4.2780917e-01
   4.3245482e-01
   4.3610527e-01
   4.5770385e-01
   4.5673566e-01
   4.3694945e-01
   4.3082057e-01
   4.5922617e-01
   5.0391923e-01
   5.4713995e-01
   5.3514223e-01
   5.0955755e-01
   5.2538517e-01
   5.6344488e-01
   5.8076902e-01
   5.4092242e-01
   4.9791104e-01
   4.9744594e-01
   5.3186684e-01
   5.2499853e-01
   5.0356441e-01
   5.1420449e-01
   5.4601755e-01
   5.5120300e-01
   5.4672030e-01
   5.4629226e-01
   5.6113812e-01
   5.7562367e-01
   5.4334490e-01
   4.7547926e-01
   4.1688008e-01
   4.3795752e-01
   4.7509152e-01
   4.8287257e-01
   4.7104760e-01
   4.7257713e-01
   4.9791658e-01
   5.0325960e-01
   5.8322151e-01
   5.8869483e-01
   5.9855414e-01
   5.3265647e-01
   5.5783430e-01
   5.9165458e-01
   6.1484395e-01
   6.5511273e-01
   6.6679744e-01
   7.1587128e-01
   6.5348016e-01
   5.7220377e-01
   5.1722330e-01
   5.6203490e-01
   5.6078508e-01
   5.2792268e-01
   4.9600860e-01
   5.1890343e-01
   5.4437315e-01
   5.7311124e-01
   5.7394957e-01
   5.9506616e-01
   6.2428753e-01
   6.1536405e-01
   6.1014840e-01
   5.8279499e-01
   6.1683609e-01
   6.2806496e-01
   6.2798090e-01
   6.0513626e-01
   6.1328023e-01
   6.6411167e-01
   6.0315924e-01
   5.2474947e-01
   4.8929643e-01
   5.3924150e-01
   5.3434315e-01
   6.0239131e-01
   7.4374713e-01
   8.1503228e-01
   8.1432524e-01
   7.8124569e-01
   7.0174853e-01
   7.2728087e-01
   7.9606495e-01
   8.6043762e-01
   8.8662871e-01
   8.7310238e-01
   8.4319938e-01
   8.2849771e-01
   8.3132678e-01
   8.8552219e-01
   8.9719051e-01
   9.3794172e-01
   9.7617956e-01
   1.0086820e+00
   9.6545358e-01
   9.7076538e-01
   9.7643302e-01
   1.0037902e+00
   9.9067076e-01
   8.8968072e-01
   7.8911065e-01
   7.7498309e-01
   8.4469631e-01
   8.8088755e-01
   8.5066303e-01
   8.0211426e-01
   7.9154853e-01
   8.0430830e-01
   8.1616136e-01
   8.1911846e-01
   8.5719221e-01
   8.9397904e-01
   9.2880758e-01
   9.1283375e-01
   8.4726465e-01
   8.1736760e-01
   8.2864420e-01
   8.3928308e-01
   8.4153278e-01
   8.7364484e-01
   9.2886423e-01
   9.4226832e-01
   9.3839886e-01
   9.4840280e-01
   9.9021913e-01
   1.0167551e+00
   1.0460748e+00
   1.0684958e+00
   1.0874116e+00
   1.1309284e+00
   1.1693697e+00
   1.1332954e+00
   1.0847425e+00
   1.1001739e+00
   1.1639370e+00
   1.2336305e+00
   1.2028454e+00
   1.1193192e+00
   1.0724727e+00
   1.0882986e+00
   1.0266463e+00
   9.2743479e-01
   8.4264607e-01
   7.3118408e-01
   5.2812781e-01
   4.5190012e-01
   5.5036569e-01
   6.8832758e-01
   7.4280547e-01
   7.9524601e-01
   8.3273284e-01
   8.2556211e-01
   8.2150264e-01
   8.3814673e-01
   8.8551254e-01
   9.3918440e-01
   9.6172599e-01
   9.6908961e-01
   1.0189253e+00
   1.0538536e+00
   1.0967440e+00
   1.1084109e+00
   1.1339478e+00
   1.1471153e+00
   1.1742096e+00
   1.2016717e+00
   1.2017965e+00
   1.1936010e+00
   1.2067268e+00
   1.1815426e+00
   1.2097775e+00
   1.1065024e+00
   8.8986972e-01
   7.7093782e-01
   7.5567948e-01
   7.4852842e-01
   7.3497264e-01
   7.2933465e-01
   6.8367181e-01
   6.3962396e-01
   6.4920827e-01
   7.0093908e-01
   7.6249393e-01
   8.0112058e-01
   8.4080353e-01
   8.8908288e-01
   9.7205487e-01
   1.0595005e+00
   1.1493088e+00
   1.2154782e+00
   1.2713904e+00
   1.3303066e+00
   1.3013894e+00
   1.2454718e+00
   1.1931698e+00
   1.1770500e+00
   1.2522237e+00
   1.4062918e+00
   1.4941427e+00
   1.5157950e+00
   1.5140693e+00
   1.5378999e+00
   1.6016327e+00
   1.6698974e+00
   1.7206965e+00
   1.7182259e+00
   1.6362861e+00
   1.6990082e+00
   1.8063445e+00
   1.9221128e+00
   2.0475270e+00
   2.0694873e+00
   2.0216813e+00
   2.2336470e+00
   2.1685156e+00
   1.9305031e+00
   1.8546521e+00
   1.8697273e+00
   1.8450496e+00
   1.7922153e+00
   1.7258372e+00
   1.6690878e+00
   1.5806599e+00
   1.5054016e+00
   1.4771178e+00
   1.4559003e+00
   1.3871129e+00
   1.3623013e+00
   1.3733466e+00
   1.2984528e+00
   1.2225257e+00
   1.2568797e+00
   1.2504616e+00
   1.2575466e+00
   1.2815373e+00
   1.2944839e+00
   1.2570297e+00
   1.2217081e+00
   1.2517061e+00
   1.2645187e+00
   1.2719057e+00
   1.2783639e+00
   1.2888028e+00
   1.2564976e+00
   1.1403089e+00
   1.1162622e+00
   1.1177298e+00
   1.1979769e+00
   1.2559690e+00
   1.3070702e+00
   1.4301226e+00
   1.5216560e+00
   1.6934666e+00
   1.7522878e+00
   1.8212151e+00
   1.8610467e+00
   1.9112801e+00
   1.9334412e+00
   1.9639414e+00
   2.0529769e+00
   2.1471989e+00
   2.2904252e+00
   2.4970928e+00
   2.4289828e+00
   2.1367972e+00
   1.9013550e+00
   1.9152242e+00
   1.7659509e+00
   1.6130663e+00
   1.6834586e+00
   1.7660853e+00
   1.6043983e+00
   1.4095877e+00
   1.4067032e+00
   1.4773526e+00
   1.5275235e+00
   1.5531058e+00
   1.6268923e+00
   1.6161994e+00
   1.6263025e+00
   1.7042665e+00
   1.8426748e+00
   1.8946153e+00
   1.9750768e+00
   2.0993935e+00
   2.2073757e+00
   2.2647244e+00
   2.3337535e+00
   2.4275232e+00
   2.4786620e+00
   2.5855034e+00
   2.6867838e+00
   2.7966825e+00
   2.8620689e+00
   2.8869319e+00
   2.9368784e+00
   3.0300561e+00
   3.1245776e+00
   3.1347468e+00
   3.1403849e+00
   3.1705201e+00
   3.2423260e+00
   3.2940578e+00
   3.3255517e+00
   3.3457207e+00
   3.3489697e+00
   3.3768509e+00
   3.4077593e+00
   3.4294638e+00
   3.4789688e+00
   3.5203258e+00
   3.5395915e+00
   3.5492212e+00
   3.5867365e+00
   3.6362949e+00
   3.6646363e+00
   3.6485345e+00
   3.6481154e+00
   3.5349044e+00
   3.4914251e+00
   3.4479458e+00
   3.4044665e+00
   3.3609872e+00
   3.3175078e+00
   3.2740285e+00
   3.2305492e+00
   3.1870699e+00
   3.1435906e+00
   3.1001112e+00
   3.0566319e+00
   3.0131526e+00
   2.9696733e+00
   2.9261940e+00
   2.8827146e+00
   2.8392353e+00
   2.7957560e+00
   2.7750837e+00
   2.8666661e+00
   2.8718697e+00
   2.8655987e+00
   2.9451586e+00
   3.0479372e+00
   3.0698687e+00
   3.0100155e+00
   2.9999876e+00
   3.0801129e+00
   3.1300591e+00
   3.1648178e+00
   3.2063184e+00
   3.2711879e+00
   3.2925401e+00
   3.2462224e+00
   3.2422501e+00
   3.3196888e+00
   3.3764214e+00
   3.4143867e+00
   3.4556033e+00
   3.5541629e+00
   3.5740365e+00
   3.5768263e+00
   3.5834562e+00
   3.6349840e+00
   3.7019877e+00
   3.7707685e+00
   3.8071895e+00
   3.8527684e+00
   3.9001028e+00
   3.9360254e+00
   3.9643250e+00
   3.9705719e+00
   4.0027859e+00
   4.0227468e+00
   4.0322557e+00
   3.9967231e+00
   3.9153368e+00
   3.8112264e+00
   3.7250765e+00
   3.6234058e+00
   3.6004976e+00
   3.4435247e+00
   3.1662856e+00
   3.4750869e+00
   3.8387897e+00
   3.7691198e+00
   3.6909810e+00
   3.8197204e+00
   4.0442769e+00
   4.0138464e+00
   4.0589051e+00
   3.9528519e+00
   3.9000382e+00
   3.9110395e+00
   3.8654491e+00
   3.9149522e+00
   3.8332598e+00
   3.9185082e+00
   3.9620399e+00
   3.9666195e+00
   3.9679001e+00
   3.8710309e+00
   3.7336957e+00
   3.9211860e+00
   4.0239209e+00
   3.9609046e+00
   3.8747360e+00
   3.6666909e+00
   3.7712631e+00
   3.7179380e+00
   3.6601903e+00
   3.6619568e+00
   3.7573436e+00
   3.7196097e+00
   3.6805712e+00
   3.6060990e+00
   3.6281347e+00
   3.6285024e+00
   3.4338995e+00
   3.7159928e+00
   3.7825927e+00
   3.8189721e+00
   3.8197998e+00
   3.8454384e+00
   3.8861084e+00
   3.8275570e+00
   3.8427030e+00
   3.8478374e+00
   3.8730135e+00
   3.8332152e+00
   3.6579702e+00
   3.7231397e+00
   3.7987506e+00
   3.6709397e+00
   3.7612236e+00
   3.8314586e+00
   3.7881678e+00
   3.8635415e+00
   3.8720314e+00
   3.9461902e+00
   3.9713648e+00
   3.9890576e+00
   3.9998408e+00
   4.0568665e+00
   4.0310405e+00
   3.9157532e+00
   4.1273325e+00
   3.9885646e+00
   4.1823318e+00
   4.1398373e+00
   4.1322976e+00
   3.9175689e+00
   3.8312262e+00
   3.9341413e+00
   3.9233924e+00
   4.0169709e+00
   4.0022471e+00
   4.0096081e+00
   4.0057791e+00
   3.9437198e+00
   3.8950117e+00
   3.8509469e+00
   3.8234104e+00
   3.8377941e+00
   3.6621817e+00
   3.7728814e+00
   3.7965244e+00
   3.7459469e+00
   3.9100177e+00
   4.1093233e+00
   4.1414069e+00
   4.0825335e+00
   3.9396250e+00
   3.9313958e+00
   3.8884522e+00
   3.9852407e+00
   4.0238344e+00
   4.0376372e+00
   4.0444339e+00
   3.9693635e+00
   4.0913733e+00
   4.0007217e+00
   4.1489453e+00
   4.0688728e+00
   4.1927142e+00
   4.2402985e+00
   4.2293451e+00
   4.1542698e+00
   4.2019708e+00
   4.1177584e+00
   4.1309645e+00
   4.1467485e+00
   4.2195620e+00
   4.2162197e+00
   4.2191048e+00
   4.2219900e+00
   4.2248751e+00
   4.2277603e+00
   4.2306454e+00
   4.2335306e+00
   4.2364157e+00
   4.2393009e+00
   4.2421860e+00
   4.2450712e+00
   4.2479564e+00
   4.2508415e+00
   4.2537267e+00
   4.2566118e+00
   4.2594970e+00
   4.2623821e+00
   4.2652673e+00
   4.2681524e+00
   4.2710376e+00
   4.2739227e+00
   4.2768079e+00
   4.2796931e+00
   4.2825782e+00
   4.2854634e+00
   4.2883485e+00
   4.2912337e+00
   4.2941188e+00
   4.2970040e+00
   4.2998891e+00
   4.3027743e+00
   4.3056594e+00
   4.3085446e+00
   4.3114297e+00
   4.3143149e+00
   4.3172001e+00
   4.3200852e+00
   4.3229704e+00
   4.3258555e+00
   4.3287407e+00
   4.3316258e+00
   4.3345110e+00
   4.3373961e+00
   4.3402813e+00
   4.3431664e+00
   4.3460516e+00
   4.3462223e+00
   4.3409875e+00
   4.3473422e+00
   4.3377181e+00
   4.3003677e+00
   4.2680470e+00
   4.2455978e+00
   4.2375129e+00
   4.2690343e+00
   4.3116170e+00
   4.3137731e+00
   4.2614822e+00
   4.2367626e+00
   4.2689164e+00
   4.2719144e+00
   4.2689050e+00
   4.2702619e+00
   4.2358808e+00
   4.1338263e+00
   3.9802949e+00
   3.8764672e+00
   3.8473417e+00
   3.9091954e+00
   4.0103158e+00
   4.0834361e+00
   4.0989891e+00
   4.1115606e+00
   4.1359975e+00
   4.1415576e+00
   4.1614566e+00
   4.2173808e+00
   4.3037529e+00
   4.3834654e+00
   4.4319967e+00
   4.3969198e+00
   4.2828480e+00
   4.1759543e+00
   4.1265669e+00
   4.1271702e+00
   4.1356155e+00
   4.1248418e+00
   4.1009895e+00
   4.0560114e+00
   4.0067139e+00
   3.9684459e+00
   3.9384069e+00
   3.9123561e+00
   3.9048494e+00
   3.9177109e+00
   3.9230208e+00
   3.9209502e+00
   3.9129766e+00
   3.8941173e+00
   3.8655374e+00
   3.8483805e+00
   3.8380913e+00
   3.8320439e+00
   3.8378336e+00
   3.8511522e+00
   3.8590644e+00
   3.8545771e+00
   3.8480656e+00
   3.8228102e+00
   3.7579398e+00
   3.7202986e+00
   3.7460721e+00
   3.8300190e+00
   3.9059160e+00
   3.9169149e+00
   3.8776288e+00
   3.8793964e+00
   3.8994651e+00
   3.9239191e+00
   3.9567744e+00
   3.9938729e+00
   4.0188107e+00
   4.0058495e+00
   3.9581449e+00
   3.9082730e+00
   3.8725527e+00
   3.8570517e+00
   3.8529827e+00
   3.8502607e+00
   3.8534959e+00
   3.8661236e+00
   3.8412304e+00
   3.8121311e+00
   3.8070577e+00
   3.8131732e+00
   3.8063065e+00
   3.7947743e+00
   3.7989835e+00
   3.7885145e+00
   3.7780608e+00
   3.7780671e+00
   3.7680049e+00
   3.7424512e+00
   3.7340089e+00
   3.8013566e+00
   3.8548808e+00
   3.8491819e+00
   3.8215161e+00
   3.7808461e+00
   3.7401679e+00
   3.7246162e+00
   3.7423273e+00
   3.7451335e+00
   3.7241448e+00
   3.7239297e+00
   3.7190668e+00
   3.7093595e+00
   3.7142499e+00
   3.7440546e+00
   3.7453407e+00
   3.7194286e+00
   3.7284054e+00
   3.7485342e+00
   3.7615961e+00
   3.7708811e+00
   3.7791094e+00
   3.7571938e+00
   3.7431630e+00
   3.7856369e+00
   3.7932352e+00
   3.7734145e+00
   3.7689036e+00
   3.7744518e+00
   3.7403701e+00
   3.6884563e+00
   3.7087295e+00
   3.6932883e+00
   3.6620354e+00
   3.6538321e+00
   3.6587862e+00
   3.6311686e+00
   3.5877472e+00
   3.5916057e+00
   3.5735955e+00
   3.5483330e+00
   3.5663581e+00
   3.5940341e+00
   3.5959142e+00
   3.5818186e+00
   3.6095085e+00
   3.6123147e+00
   3.6225955e+00
   3.6585582e+00
   3.6506780e+00
   3.5899743e+00
   3.5449560e+00
   3.5687022e+00
   3.5918529e+00
   3.5897759e+00
   3.5922614e+00
   3.5486404e+00
   3.4904116e+00
   3.4661861e+00
   3.4737985e+00
   3.4575412e+00
   3.4280766e+00
   3.4796756e+00
   3.4536162e+00
   3.4474401e+00
   3.5540544e+00
   3.7454581e+00
   3.8057264e+00
   3.5835413e+00
   3.2973138e+00
   3.1704034e+00
   3.1277465e+00
   3.1233349e+00
   3.0951295e+00
   3.0506198e+00
   3.0772261e+00
   3.2341368e+00
   3.4213975e+00
   3.4974337e+00
   3.5201181e+00
   3.4881722e+00
   3.4396733e+00
   3.4372397e+00
   3.4962556e+00
   3.5439602e+00
   3.5391138e+00
   3.5660359e+00
   3.5582523e+00
   3.5637098e+00
   3.5868105e+00
   3.6022443e+00
   3.5976584e+00
   3.5869906e+00
   3.5803309e+00
   3.5835535e+00
   3.5938355e+00
   3.5952347e+00
   3.5849455e+00
   3.5641982e+00
   3.5557126e+00
   3.5643638e+00
   3.5831390e+00
   3.5998232e+00
   3.5792448e+00
   3.5333829e+00
   3.4947168e+00
   3.4847308e+00
   3.4993820e+00
   3.5338592e+00
   3.5750766e+00
   3.5792858e+00
   3.5272326e+00
   3.4458118e+00
   3.3862878e+00
   3.3784232e+00
   3.4129397e+00
   3.4682727e+00
   3.4893015e+00
   3.4700092e+00
   3.4461184e+00
   3.4371361e+00
   3.4406305e+00
   3.4470267e+00
   3.4444659e+00
   3.4213152e+00
   3.3988184e+00
   3.3854089e+00
   3.3835458e+00
   3.3874839e+00
   3.3937748e+00
   3.3988117e+00
   3.3777655e+00
   3.3309580e+00
   3.2930694e+00
   3.2764654e+00
   3.2865007e+00
   3.3169681e+00
   3.3549775e+00
   3.3802142e+00
   3.3703927e+00
   3.3433067e+00
   3.3192257e+00
   3.3148837e+00
   3.3357953e+00
   3.3675768e+00
   3.3762294e+00
   3.3523771e+00
   3.3139818e+00
   3.2849817e+00
   3.2766138e+00
   3.2877796e+00
   3.3057035e+00
   3.3117523e+00
   3.3047369e+00
   3.2922140e+00
   3.2785191e+00
   3.2702436e+00
   3.2731209e+00
   3.2801878e+00
   3.2780219e+00
   3.2682003e+00
   3.2487905e+00
   3.2425553e+00
   3.2463106e+00
   3.2554212e+00
   3.2580432e+00
   3.2462599e+00
   3.2281196e+00
   3.1972519e+00
   3.1763024e+00
   3.1754182e+00
   3.1867308e+00
   3.1979456e+00
   3.1965248e+00
   3.1810259e+00
   3.1488720e+00
   3.1269127e+00
   3.1202937e+00
   3.1240104e+00
   3.1224188e+00
   3.1118670e+00
   3.0983448e+00
   3.0882652e+00
   3.0980867e+00
   3.1119211e+00
   3.1269670e+00
   3.1319767e+00
   3.1216837e+00
   3.0980641e+00
   3.0670185e+00
   3.0473755e+00
   3.0709140e+00
   3.1160846e+00
   3.1495440e+00
   3.1629479e+00
   3.1546299e+00
   3.1364276e+00
   3.1300797e+00
   3.1427074e+00
   3.1568118e+00
   3.1583747e+00
   3.1434789e+00
   3.1148592e+00
   3.0899356e+00
   3.0875913e+00
   3.1003629e+00
   3.0975568e+00
   3.0762529e+00
   3.0608425e+00
   3.0569878e+00
   3.0628201e+00
   3.0722280e+00
   3.0800424e+00
   3.0927790e+00
   3.1124221e+00
   3.1270774e+00
   3.1197285e+00
   3.1064403e+00
   3.0953818e+00
   3.0830491e+00
   3.0618808e+00
   3.0484897e+00
   3.0597143e+00
   3.0570715e+00
   3.0521405e+00
   3.0475032e+00
   3.0421278e+00
   3.0318711e+00
   3.0138583e+00
   2.9968243e+00
   2.9743750e+00
   2.9837862e+00
   3.0006170e+00
   3.0110043e+00
   3.0140198e+00
   3.0129094e+00
   3.0025205e+00
   2.9768074e+00
   2.9711951e+00
   2.9810407e+00
   2.9933755e+00
   3.0061585e+00
   3.0109806e+00
   2.9980131e+00
   2.9728786e+00
   2.9679572e+00
   2.9749726e+00
   2.9806861e+00
   2.9818026e+00
   2.9628823e+00
   2.9133148e+00
   2.8645562e+00
   2.8479825e+00
   2.8600217e+00
   2.8838740e+00
   2.9327235e+00
   2.9775457e+00
   2.9855301e+00
   2.9786753e+00
   2.9766862e+00
   2.9773627e+00
   2.9766253e+00
   2.9912887e+00
   2.9912887e+00
   2.9705659e+00
   2.9721371e+00
   2.9786607e+00
   2.9713031e+00
   2.9531665e+00
   2.9446753e+00
   2.9216184e+00
   2.8668984e+00
   2.8449013e+00
   2.8376989e+00
   2.8249124e+00
   2.8212520e+00
   2.8294616e+00
   2.8325760e+00
   2.8223608e+00
   2.8233207e+00
   2.8149023e+00
   2.8206567e+00
   2.8498821e+00
   2.8653753e+00
   2.8604230e+00
   2.8642690e+00
   2.8829680e+00
   2.8727833e+00
   2.8540399e+00
   2.8638614e+00
   2.8648071e+00
   2.8528168e+00
   2.8683939e+00
   2.8749696e+00
   2.8641511e+00
   2.8624961e+00
   2.8608412e+00
   2.8591862e+00
   2.8575313e+00
   2.8558763e+00
   2.8542214e+00
   2.8525664e+00
   2.8509114e+00
   2.8492565e+00
   2.8476015e+00
   2.8459466e+00
   2.8442916e+00
   2.8426367e+00
   2.8409817e+00
   2.8393268e+00
   2.8376718e+00
   2.8360169e+00
   2.8343619e+00
   2.8327070e+00
   2.8310520e+00
   2.8293970e+00
   2.8277421e+00
   2.8260871e+00
   2.8244322e+00
   2.8227772e+00
   2.8211223e+00
   2.8194673e+00
   2.8178124e+00
   2.8161574e+00
   2.8145025e+00
   2.8128475e+00
   2.8111926e+00
   2.8095376e+00
   2.8078827e+00
   2.8062277e+00
   2.8045727e+00
   2.8029178e+00
   2.8012628e+00
   2.7996079e+00
   2.7979529e+00
   2.7962980e+00
   2.7946430e+00
   2.7929881e+00
   2.7913331e+00
   2.7896782e+00
   2.7880232e+00
   2.7863683e+00
   2.7847133e+00
   2.7830584e+00
   2.7814034e+00
   2.7797484e+00
   2.7780935e+00
   2.7764385e+00
   2.7747836e+00
   2.7731286e+00
   2.7714737e+00
   2.7698187e+00
   2.7681638e+00
   2.7665088e+00
   2.7648539e+00
   2.7631989e+00
   2.7615440e+00
   2.7598890e+00
   2.7582340e+00
   2.7565791e+00
   2.7549241e+00
   2.7532692e+00
   2.7516142e+00
   2.7499593e+00
   2.7483043e+00
   2.7466494e+00
   2.7449944e+00
   2.7433395e+00
   2.7416845e+00
   2.7400296e+00
   2.7383746e+00
   2.7367197e+00
   2.7350647e+00
   2.7334097e+00
   2.7317548e+00
   2.7300998e+00
   2.7284449e+00
   2.7267899e+00
   2.7251350e+00
   2.7243463e+00
   2.7250173e+00
   2.7258610e+00
   2.7370856e+00
   2.7483102e+00
   2.7504619e+00
   2.7497909e+00
   2.7433899e+00
   2.7286271e+00
   2.7144330e+00
   2.7109253e+00
   2.7074176e+00
   2.7093789e+00
   2.7127341e+00
   2.7131313e+00
   2.7097761e+00
   2.7065269e+00
   2.7044223e+00
   2.7023177e+00
   2.6986161e+00
   2.6945899e+00
   2.6844788e+00
   2.6676419e+00
   2.6526008e+00
   2.6438773e+00
   2.6351538e+00
   2.6357201e+00
   2.6377332e+00
   2.6387213e+00
   2.6387213e+00
   2.6380355e+00
   2.6353514e+00
   2.6326672e+00
   2.6311353e+00
   2.6297322e+00
   2.6253352e+00
   2.6192958e+00
   2.6128677e+00
   2.6054863e+00
   2.5981049e+00
   2.5936851e+00
   2.5894759e+00
   2.5853911e+00
   2.5813648e+00
   2.5802331e+00
   2.5851438e+00
   2.5903695e+00
   2.5997640e+00
   2.6091585e+00
   2.6148500e+00
   2.6190592e+00
   2.6197851e+00
   2.6164299e+00
   2.6129346e+00
   2.6082374e+00
   2.6035401e+00
   2.5981581e+00
   2.5925458e+00
   2.5890459e+00
   2.5877038e+00
   2.5864505e+00
   2.5857489e+00
   2.5850474e+00
   2.5808099e+00
   2.5761127e+00
   2.5724155e+00
   2.5696094e+00
   2.5675755e+00
   2.5675755e+00
   2.5675755e+00
   2.5626414e+00
   2.5572731e+00
   2.5521624e+00
   2.5472516e+00
   2.5434450e+00
   2.5421029e+00
   2.5407608e+00
   2.5320041e+00
   2.5228841e+00
   2.5154500e+00
   2.5087396e+00
   2.5060219e+00
   2.5109326e+00
   2.5162466e+00
   2.5256411e+00
   2.5350356e+00
   2.5399982e+00
   2.5433534e+00
   2.5435862e+00
   2.5386754e+00
   2.5332082e+00
   2.5238137e+00
   2.5144192e+00
   2.5079295e+00
   2.5023172e+00
   2.4989013e+00
   2.4975593e+00
   2.4955413e+00
   2.4899290e+00
   2.4843167e+00
   2.4777110e+00
   2.4710007e+00
   2.4652775e+00
   2.4603667e+00
   2.4543316e+00
   2.4456081e+00
   2.4368846e+00
   2.4343750e+00
   2.4322704e+00
   2.4366653e+00
   2.4440467e+00
   2.4514281e+00
   2.4588095e+00
   2.4661909e+00
   2.4691206e+00
   2.4719267e+00
   2.4731970e+00
   2.4738681e+00
   2.4732760e+00
   2.4704698e+00
   2.4678241e+00
   2.4664821e+00
   2.4651400e+00
   2.4685096e+00
   2.4734204e+00
   2.4765472e+00
   2.4778893e+00
   2.4788366e+00
   2.4774336e+00
   2.4760305e+00
   2.4806549e+00
   2.4860232e+00
   2.4903978e+00
   2.4939055e+00
   2.4954888e+00
   2.4921336e+00
   2.4887784e+00
   2.4859307e+00
   2.4831246e+00
   2.4840006e+00
   2.4866848e+00
   2.4900694e+00
   2.4949801e+00
   2.4997143e+00
   2.5017274e+00
   2.5037405e+00
   2.5008733e+00
   2.4959625e+00
   2.4923592e+00
   2.4903461e+00
   2.4891251e+00
   2.4954389e+00
   2.5017528e+00
   2.5089649e+00
   2.5163463e+00
   2.5204854e+00
   2.5211870e+00
   2.5207929e+00
   2.5167667e+00
   2.5127404e+00
   2.5067110e+00
   2.5003972e+00
   2.4971758e+00
   2.4958338e+00
   2.4942889e+00
   2.4921843e+00
   2.4899737e+00
   2.4792372e+00
   2.4685006e+00
   2.4569834e+00
   2.4450573e+00
   2.4365813e+00
   2.4332261e+00
   2.4301246e+00
   2.4322292e+00
   2.4343338e+00
   2.4342378e+00
   2.4335668e+00
   2.4295123e+00
   2.4210939e+00
   2.4118825e+00
   2.3991328e+00
   2.3863831e+00
   2.3783756e+00
   2.3713602e+00
   2.3675976e+00
   2.3662555e+00
   2.3636809e+00
   2.3566655e+00
   2.3496501e+00
   2.3429286e+00
   2.3362183e+00
   2.3331584e+00
   2.3324569e+00
   2.3317661e+00
   2.3310951e+00
   2.3304241e+00
   2.3353225e+00
   2.3402332e+00
   2.3459838e+00
   2.3520231e+00
   2.3570800e+00
   2.3605877e+00
   2.3648867e+00
   2.3742812e+00
   2.3836757e+00
   2.3950406e+00
   2.4069667e+00
   2.4115794e+00
   2.4095662e+00
   2.4060002e+00
   2.3947756e+00
   2.3835510e+00
   2.3761776e+00
   2.3691622e+00
   2.3636798e+00
   2.3589825e+00
   2.3557189e+00
   2.3557189e+00
   2.3557881e+00
   2.3571301e+00
   2.3584722e+00
   2.3554656e+00
   2.3505549e+00
   2.3442560e+00
   2.3362036e+00
   2.3283604e+00
   2.3227481e+00
   2.3171358e+00
   2.3128432e+00
   2.3088170e+00
   2.3070412e+00
   2.3077427e+00
   2.3081391e+00
   2.3074681e+00
   2.3067970e+00
   2.2939451e+00
   2.2792128e+00
   2.2636210e+00
   2.2474856e+00
   2.2344927e+00
   2.2271113e+00
   2.2197532e+00
   2.2204548e+00
   2.2211563e+00
   2.2339014e+00
   2.2506774e+00
   2.2699596e+00
   2.2931103e+00
   2.3134994e+00
   2.3168546e+00
   2.3202098e+00
   2.3121428e+00
   2.3009182e+00
   2.2863487e+00
   2.2688103e+00
   2.2516677e+00
   2.2355628e+00
   2.2194579e+00
   2.2155884e+00
   2.2127823e+00
   2.2163179e+00
   2.2230282e+00
   2.2278740e+00
   2.2285755e+00
   2.2291993e+00
   2.2285283e+00
   2.2278572e+00
   2.2271648e+00
   2.2264633e+00
   2.2216858e+00
   2.2118643e+00
   2.2021253e+00
   2.1927307e+00
   2.1833362e+00
   2.1735842e+00
   2.1637627e+00
   2.1502746e+00
   2.1341697e+00
   2.1202919e+00
   2.1139780e+00
   2.1076642e+00
   2.1102315e+00
   2.1130376e+00
   2.1114066e+00
   2.1080514e+00
   2.1051516e+00
   2.1030470e+00
   2.1013230e+00
   2.1026650e+00
   2.1040071e+00
   2.1006324e+00
   2.0957216e+00
   2.0918646e+00
   2.0890585e+00
   2.0872771e+00
   2.0886192e+00
   2.0899613e+00
   2.0882325e+00
   2.0861279e+00
   2.0870752e+00
   2.0897594e+00
   2.0932670e+00
   2.0988793e+00
   2.1042013e+00
   2.0992906e+00
   2.0943798e+00
   2.0880763e+00
   2.0813659e+00
   2.0736487e+00
   2.0645287e+00
   2.0549229e+00
   2.0428442e+00
   2.0307656e+00
   2.0273140e+00
   2.0259109e+00
   2.0252858e+00
   2.0252858e+00
   2.0206430e+00
   2.0052092e+00
   1.9897754e+00
   1.9783181e+00
   1.9670935e+00
   1.9594524e+00
   1.9534130e+00
   1.9456367e+00
   1.9344120e+00
   1.9239294e+00
   1.9218248e+00
   1.9197201e+00
   1.9221346e+00
   1.9254898e+00
   1.9242849e+00
   1.9179711e+00
   1.9118101e+00
   1.9061978e+00
   1.9005855e+00
   1.8958556e+00
   1.8911584e+00
   1.8846244e+00
   1.8769075e+00
   1.8739170e+00
   1.8795293e+00
   1.8848460e+00
   1.8875302e+00
   1.8902143e+00
   1.8814934e+00
   1.8688657e+00
   1.8584854e+00
   1.8504330e+00
   1.8429946e+00
   1.8394869e+00
   1.8359792e+00
   1.8269061e+00
   1.8170845e+00
   1.8087950e+00
   1.8014136e+00
   1.7948942e+00
   1.7906850e+00
   1.7864503e+00
   1.7808380e+00
   1.7752257e+00
   1.7769816e+00
   1.7810078e+00
   1.7856817e+00
   1.7912940e+00
   1.7951697e+00
   1.7895574e+00
   1.7839451e+00
   1.7833899e+00
   1.7833899e+00
   1.7788020e+00
   1.7703835e+00
   1.7593081e+00
   1.7417697e+00
   1.7248163e+00
   1.7228032e+00
   1.7207901e+00
   1.7254089e+00
   1.7331258e+00
   1.7363394e+00
   1.7335333e+00
   1.7322689e+00
   1.7383082e+00
   1.7443476e+00
   1.7534815e+00
   1.7633031e+00
   1.7683718e+00
   1.7697749e+00
   1.7699071e+00
   1.7672230e+00
   1.7645389e+00
   1.7516904e+00
   1.7383612e+00
   1.7201129e+00
   1.6997683e+00
   1.6882284e+00
   1.6875573e+00
   1.6868194e+00
   1.6854163e+00
   1.6840132e+00
   1.6720306e+00
   1.6579998e+00
   1.6572612e+00
   1.6659846e+00
   1.6760786e+00
   1.6908109e+00
   1.7055432e+00
   1.7066035e+00
   1.7073050e+00
   1.7002459e+00
   1.6901804e+00
   1.6768778e+00
   1.6579363e+00
   1.6395401e+00
   1.6255093e+00
   1.6114786e+00
   1.6146558e+00
   1.6206952e+00
   1.6219485e+00
   1.6184408e+00
   1.6098423e+00
   1.5857796e+00
   1.5617168e+00
   1.5575283e+00
   1.5534593e+00
   1.5505732e+00
   1.5481018e+00
   1.5456305e+00
   1.5431591e+00
   1.5406877e+00
   1.5382164e+00
   1.5357450e+00
   1.5332736e+00
   1.5308023e+00
   1.5283309e+00
   1.5258595e+00
   1.5233882e+00
   1.5209168e+00
   1.5184454e+00
   1.5159741e+00
   1.5135027e+00
   1.5110313e+00
   1.5085600e+00
   1.5060886e+00
   1.5036172e+00
   1.5011459e+00
   1.4986745e+00
   1.4962031e+00
   1.4937318e+00
   1.4912604e+00
   1.4887890e+00
   1.4863177e+00
   1.4838463e+00
   1.4813749e+00
   1.4789036e+00
   1.4764322e+00
   1.4739608e+00
   1.4714894e+00
   1.4690181e+00
   1.4665467e+00
   1.4640753e+00
   1.4616040e+00
   1.4591326e+00
   1.4566612e+00
   1.4541899e+00
   1.4517185e+00
   1.4492471e+00
   1.4467758e+00
   1.4443044e+00
   1.4418330e+00
   1.4393617e+00
   1.4368903e+00
   1.4344189e+00
   1.4319476e+00
   1.4294762e+00
   1.4270048e+00
   1.4245335e+00
   1.4220621e+00
   1.4195907e+00
   1.4171194e+00
   1.4146480e+00
   1.4121766e+00
   1.4097053e+00
   1.4072339e+00
   1.4047625e+00
   1.4022912e+00
   1.3998198e+00
   1.3973484e+00
   1.3948771e+00
   1.3924057e+00
   1.3899343e+00
   1.3874630e+00
   1.3849916e+00
   1.3825202e+00
   1.3800489e+00
   1.3775775e+00
   1.3751061e+00
   1.3726348e+00
   1.3701634e+00
   1.3676920e+00
   1.3652207e+00
   1.3627493e+00
   1.3602779e+00
   1.3578065e+00
   1.3553352e+00
   1.3528638e+00
   1.3503924e+00
   1.3479211e+00
   1.3454497e+00
   1.3429783e+00
   1.3405070e+00
   1.3380356e+00
   1.3355642e+00
   1.3330929e+00
   1.3306215e+00
   1.3281501e+00
   1.3256788e+00
   1.3232074e+00
   1.3207360e+00
   1.3182647e+00
   1.3157933e+00
   1.3133219e+00
   1.3108506e+00
   1.3083792e+00
   1.3059078e+00
   1.3034365e+00
   1.3009651e+00
   1.2984937e+00
   1.2960224e+00
   1.2935510e+00
   1.2910796e+00
   1.2886083e+00
   1.2861369e+00
   1.2836655e+00
   1.2811942e+00
   1.2787228e+00
   1.2762514e+00
   1.2737801e+00
   1.2713087e+00
   1.2688373e+00
   1.2663660e+00
   1.2638946e+00
   1.2614232e+00
   1.2589519e+00
   1.2564805e+00
   1.2540091e+00
   1.2515378e+00
   1.2490664e+00
   1.2465950e+00
   1.2441236e+00
   1.2416523e+00
   1.2391809e+00
   1.2367095e+00
   1.2342382e+00
   1.2317668e+00
   1.2292954e+00
   1.2268241e+00
   1.2243527e+00
   1.2218813e+00
   1.2194100e+00
   1.2169386e+00
   1.2144672e+00
   1.2119959e+00
   1.2095245e+00
   1.2070531e+00
   1.2045818e+00
   1.2021104e+00
   1.1996390e+00
   1.1971677e+00
   1.1946963e+00
   1.1934312e+00
   1.2075321e+00
   1.2216330e+00
   1.2392393e+00
   1.2576196e+00
   1.2678828e+00
   1.2719090e+00
   1.2707731e+00
   1.2501479e+00
   1.2295227e+00
   1.2110372e+00
   1.1926508e+00
   1.1859213e+00
   1.1869736e+00
   1.1897251e+00
   1.1956882e+00
   1.2010632e+00
   1.2006606e+00
   1.2002580e+00
   1.1937984e+00
   1.1851695e+00
   1.1752878e+00
   1.1640632e+00
   1.1541028e+00
   1.1483990e+00
   1.1426952e+00
   1.1429501e+00
   1.1440726e+00
   1.1449570e+00
   1.1456952e+00
   1.1462760e+00
   1.1464163e+00
   1.1465807e+00
   1.1492465e+00
   1.1519123e+00
   1.1546935e+00
   1.1575118e+00
   1.1601851e+00
   1.1626404e+00
   1.1648395e+00
   1.1655410e+00
   1.1662426e+00
   1.1640422e+00
   1.1614922e+00
   1.1594446e+00
   1.1578311e+00
   1.1564754e+00
   1.1557739e+00
   1.1550478e+00
   1.1535044e+00
   1.1519611e+00
   1.1530145e+00
   1.1553296e+00
   1.1582216e+00
   1.1619123e+00
   1.1652983e+00
   1.1641759e+00
   1.1630534e+00
   1.1580117e+00
   1.1520487e+00
   1.1443269e+00
   1.1352008e+00
   1.1264687e+00
   1.1193130e+00
   1.1121573e+00
   1.1141627e+00
   1.1166882e+00
   1.1199278e+00
   1.1234843e+00
   1.1244982e+00
   1.1204994e+00
   1.1164261e+00
   1.1115275e+00
   1.1066289e+00
   1.1045768e+00
   1.1035947e+00
   1.1019154e+00
   1.0994601e+00
   1.0969692e+00
   1.0943522e+00
   1.0917351e+00
   1.0910748e+00
   1.0907240e+00
   1.0899455e+00
   1.0888932e+00
   1.0886697e+00
   1.0899447e+00
   1.0912196e+00
   1.0918510e+00
   1.0924824e+00
   1.0902862e+00
   1.0871293e+00
   1.0849327e+00
   1.0837249e+00
   1.0829697e+00
   1.0850743e+00
   1.0871789e+00
   1.0881954e+00
   1.0890678e+00
   1.0887411e+00
   1.0873381e+00
   1.0854749e+00
   1.0823881e+00
   1.0793013e+00
   1.0762146e+00
   1.0731278e+00
   1.0726478e+00
   1.0734897e+00
   1.0746479e+00
   1.0762614e+00
   1.0774236e+00
   1.0761486e+00
   1.0748737e+00
   1.0730471e+00
   1.0710828e+00
   1.0687618e+00
   1.0661447e+00
   1.0634917e+00
   1.0606855e+00
   1.0578794e+00
   1.0577677e+00
   1.0578378e+00
   1.0571266e+00
   1.0560530e+00
   1.0545274e+00
   1.0520720e+00
   1.0498844e+00
   1.0510770e+00
   1.0522696e+00
   1.0552900e+00
   1.0587123e+00
   1.0600599e+00
   1.0590076e+00
   1.0576753e+00
   1.0552901e+00
   1.0529049e+00
   1.0519023e+00
   1.0509629e+00
   1.0502926e+00
   1.0498015e+00
   1.0498994e+00
   1.0511072e+00
   1.0523151e+00
   1.0523265e+00
   1.0523265e+00
   1.0502586e+00
   1.0474525e+00
   1.0454836e+00
   1.0444099e+00
   1.0436155e+00
   1.0447380e+00
   1.0458605e+00
   1.0461863e+00
   1.0463967e+00
   1.0462687e+00
   1.0459332e+00
   1.0452051e+00
   1.0433811e+00
   1.0415470e+00
   1.0387286e+00
   1.0359103e+00
   1.0349353e+00
   1.0349353e+00
   1.0357780e+00
   1.0378826e+00
   1.0397473e+00
   1.0402170e+00
   1.0406867e+00
   1.0396757e+00
   1.0382726e+00
   1.0362667e+00
   1.0337412e+00
   1.0316271e+00
   1.0305534e+00
   1.0294798e+00
   1.0305076e+00
   1.0317002e+00
   1.0324675e+00
   1.0330288e+00
   1.0326497e+00
   1.0309721e+00
   1.0292941e+00
   1.0276104e+00
   1.0259267e+00
   1.0234324e+00
   1.0207483e+00
   1.0173396e+00
   1.0130602e+00
   1.0094280e+00
   1.0083756e+00
   1.0073233e+00
   1.0077122e+00
   1.0081819e+00
   1.0079182e+00
   1.0071466e+00
   1.0060910e+00
   1.0044775e+00
   1.0028474e+00
   1.0010356e+00
   9.9922381e-01
   9.9750520e-01
   9.9582150e-01
   9.9557133e-01
   9.9691340e-01
   9.9828742e-01
   9.9990096e-01
   1.0015145e+00
   9.9979418e-01
   9.9754926e-01
   9.9319307e-01
   9.8748926e-01
   9.8088103e-01
   9.7162073e-01
   9.6235881e-01
   9.5064313e-01
   9.3892745e-01
   9.3130167e-01
   9.2506103e-01
   9.2287805e-01
   9.2701712e-01
   9.3196054e-01
   9.4195898e-01
   9.5195742e-01
   9.6116002e-01
   9.7013971e-01
   9.7564055e-01
   9.7802578e-01
   9.7909606e-01
   9.7668033e-01
   9.7426460e-01
   9.7168370e-01
   9.6908801e-01
   9.6728440e-01
   9.6588133e-01
   9.6425537e-01
   9.6230937e-01
   9.6041200e-01
   9.5935969e-01
   9.5830739e-01
   9.5809774e-01
   9.5809774e-01
   9.5791417e-01
   9.5757865e-01
   9.5737425e-01
   9.5772502e-01
   9.5807579e-01
   9.5922999e-01
   9.6043786e-01
   9.6090280e-01
   9.6083264e-01
   9.6055561e-01
   9.5985407e-01
   9.5915479e-01
   9.5848375e-01
   9.5781272e-01
   9.5676722e-01
   9.5557461e-01
   9.5474028e-01
   9.5431936e-01
   9.5421324e-01
   9.5528690e-01
   9.5636056e-01
   9.5651673e-01
   9.5651673e-01
   9.5571027e-01
   9.5436820e-01
   9.5259900e-01
   9.4951223e-01
   9.4642546e-01
   9.3930571e-01
   9.3215002e-01
   9.2289775e-01
   9.1289931e-01
   9.0419926e-01
   8.9760480e-01
   8.9187096e-01
   8.9201127e-01
   8.9215158e-01
   8.9738979e-01
   9.0336202e-01
   9.0962025e-01
   9.1614455e-01
   9.2164865e-01
   9.2431450e-01
   9.2695383e-01
   9.2715514e-01
   9.2735645e-01
   9.2724226e-01
   9.2696164e-01
   9.2663210e-01
   9.2622948e-01
   9.2578190e-01
   9.2437882e-01
   9.2297575e-01
   9.2079550e-01
   9.1841027e-01
   9.1644158e-01
   9.1483109e-01
   9.1330921e-01
   9.1218675e-01
   9.1106429e-01
   9.0727287e-01
   9.0327411e-01
   8.9468704e-01
   8.8388335e-01
   8.7229842e-01
   8.5903936e-01
   8.4634163e-01
   8.4178163e-01
   8.3722163e-01
   8.3853578e-01
   8.4121992e-01
   8.4447004e-01
   8.4839866e-01
   8.5200946e-01
   8.5435809e-01
   8.5670671e-01
   8.5724846e-01
   8.5745892e-01
   8.5663213e-01
   8.5508875e-01
   8.5402134e-01
   8.5388713e-01
   8.5375292e-01
   8.5588539e-01
   8.5806016e-01
   8.6038815e-01
   8.6277338e-01
   8.6291294e-01
   8.6056431e-01
   8.5744783e-01
   8.4860845e-01
   8.3976907e-01
   8.2830292e-01
   8.1642557e-01
   8.0630730e-01
   7.9788884e-01
   7.9095472e-01
   7.8835903e-01
   7.8576970e-01
   7.8818543e-01
   7.9060116e-01
   7.9381193e-01
   7.9745993e-01
   7.9959720e-01
   7.9938674e-01
   7.9868714e-01
   7.9492933e-01
   7.9117153e-01
   7.8848681e-01
   7.8610158e-01
   7.8515333e-01
   7.8548885e-01
   7.8617706e-01
   7.8856229e-01
   7.9094752e-01
   7.9468579e-01
   7.9854425e-01
   8.0162206e-01
   8.0430620e-01
   8.0557708e-01
   8.0368293e-01
   8.0149917e-01
   7.9434349e-01
   7.8718780e-01
   7.7759262e-01
   7.6739287e-01
   7.5889230e-01
   7.5250830e-01
   7.4772434e-01
   7.4968865e-01
   7.5165295e-01
   7.5498486e-01
   7.5840715e-01
   7.6065440e-01
   7.6205748e-01
   7.6405733e-01
   7.6727830e-01
   7.7049928e-01
   7.7495384e-01
   7.7944368e-01
   7.8211881e-01
   7.8408312e-01
   7.8376159e-01
   7.8080903e-01
   7.7767393e-01
   7.7304377e-01
   7.6841362e-01
   7.6540328e-01
   7.6266729e-01
   7.6230359e-01
   7.6351145e-01
   7.6387190e-01
   7.6162698e-01
   7.5938206e-01
   7.5230907e-01
   7.4519609e-01
   7.3810055e-01
   7.3101502e-01
   7.2540361e-01
   7.2217653e-01
   7.1934659e-01
   7.1921238e-01
   7.1907817e-01
   7.2088976e-01
   7.2327499e-01
   7.2555106e-01
   7.2772583e-01
   7.2905748e-01
   7.2805093e-01
   7.2704437e-01
   7.2599623e-01
   7.2494393e-01
   7.2375371e-01
   7.2249094e-01
   7.2103461e-01
   7.1928991e-01
   7.1758954e-01
   7.1681785e-01
   7.1604616e-01
   7.1482278e-01
   7.1348071e-01
   7.1116424e-01
   7.0758640e-01
   6.9999306e-01
   6.7806717e-01
   6.7586014e-01
   6.7365310e-01
   6.7144606e-01
   6.6923902e-01
   6.6703198e-01
   6.6482494e-01
   6.6261790e-01
   6.6041087e-01
   6.5820383e-01
   6.5599679e-01
   6.5398723e-01
   6.5199626e-01
   6.5000530e-01
   6.4801433e-01
   6.4602337e-01
   6.4403240e-01
   6.4204144e-01
   6.4005047e-01
   6.3805951e-01
   6.3606854e-01
   6.3472912e-01
   6.3371049e-01
   6.3269186e-01
   6.3167322e-01
   6.3065459e-01
   6.2963596e-01
   6.2861732e-01
   6.2759869e-01
   6.2658006e-01
   6.2556142e-01
   6.2445069e-01
   6.2321599e-01
   6.2198128e-01
   6.2074657e-01
   6.1951187e-01
   6.1827716e-01
   6.1704245e-01
   6.1580774e-01
   6.1457304e-01
   6.1333833e-01
   6.1218525e-01
   6.1139813e-01
   6.1061100e-01
   6.0982388e-01
   6.0903675e-01
   6.0824962e-01
   6.0746250e-01
   6.0667537e-01
   6.0588825e-01
   6.0510112e-01
   6.0431400e-01
   6.0409179e-01
   6.0390658e-01
   6.0372137e-01
   6.0353617e-01
   6.0335096e-01
   6.0316576e-01
   6.0298055e-01
   6.0279534e-01
   6.0261014e-01
   6.0242493e-01
   5.9898040e-01
   5.9410331e-01
   5.8922622e-01
   5.8434913e-01
   5.7947204e-01
   5.7459494e-01
   5.6971785e-01
   5.6484076e-01
   5.5996367e-01
   5.5508657e-01
   5.4983376e-01
   5.4412324e-01
   5.3841272e-01
   5.3270220e-01
   5.2699168e-01
   5.2128116e-01
   5.1557064e-01
   5.0986012e-01
   5.0414960e-01
   4.9843908e-01
   4.9364533e-01
   4.9236432e-01
   4.9108331e-01
   4.8980230e-01
   4.8852129e-01
   4.8724029e-01
   4.8595928e-01
   4.8467827e-01
   4.8339726e-01
   4.8211625e-01
   4.8083524e-01
   4.8225958e-01
   4.8378753e-01
   4.8531548e-01
   4.8684343e-01
   4.8837138e-01
   4.8989933e-01
   4.9142728e-01
   4.9295523e-01
   4.9448318e-01
   4.9601113e-01
   4.9469723e-01
   4.9227412e-01
   4.8985101e-01
   4.8742790e-01
   4.8500478e-01
   4.8258167e-01
   4.8015856e-01
   4.7773545e-01
   4.7531233e-01
   4.7288922e-01
   4.7175749e-01
   4.7205073e-01
   4.7234398e-01
   4.7263722e-01
   4.7293046e-01
   4.7322371e-01
   4.7351695e-01
   4.7381019e-01
   4.7410343e-01
   4.7439668e-01
   4.7435398e-01
   4.7319644e-01
   4.7203891e-01
   4.7088137e-01
   4.6972383e-01
   4.6856629e-01
   4.6740876e-01
   4.6625122e-01
   4.6509368e-01
   4.6393614e-01
   4.6277860e-01
   4.6311499e-01
   4.6346996e-01
   4.6382494e-01
   4.6417992e-01
   4.6453490e-01
   4.6488988e-01
   4.6524486e-01
   4.6559983e-01
   4.6595481e-01
   4.6630979e-01
   4.6644664e-01
   4.6650837e-01
   4.6657011e-01
   4.6663185e-01
   4.6669358e-01
   4.6675532e-01
   4.6681705e-01
   4.6687879e-01
   4.6694052e-01
   4.6700226e-01
   4.6720290e-01
   4.6754244e-01
   4.6788199e-01
   4.6822153e-01
   4.6856107e-01
   4.6890062e-01
   4.6924016e-01
   4.6957971e-01
   4.6991925e-01
   4.7025880e-01
   4.7023463e-01
   4.6915427e-01
   4.6807390e-01
   4.6699353e-01
   4.6591316e-01
   4.6483279e-01
   4.6375242e-01
   4.6267205e-01
   4.6159169e-01
   4.6051132e-01
   4.5945258e-01
   4.6013167e-01
   4.6081076e-01
   4.6148985e-01
   4.6216894e-01
   4.6284803e-01
   4.6352711e-01
   4.6420620e-01
   4.6488529e-01
   4.6556438e-01
   4.6624347e-01
   4.6648374e-01
   4.6659177e-01
   4.6669981e-01
   4.6680785e-01
   4.6691588e-01
   4.6702392e-01
   4.6713196e-01
   4.6724000e-01
   4.6734803e-01
   4.6745607e-01
   4.6678685e-01
   4.6541324e-01
   4.6403963e-01
   4.6266601e-01
   4.6129240e-01
   4.5991879e-01
   4.5854518e-01
   4.5717157e-01
   4.5579796e-01
   4.5442435e-01
   4.5282976e-01
   4.5066902e-01
   4.4850828e-01
   4.4634755e-01
   4.4418681e-01
   4.4202607e-01
   4.3986534e-01
   4.3770460e-01
   4.3554386e-01
   4.3338312e-01
   4.3134194e-01
   4.3242231e-01
   4.3350267e-01
   4.3458304e-01
   4.3566341e-01
   4.3674378e-01
   4.3782415e-01
   4.3890452e-01
   4.3998488e-01
   4.4106525e-01
   4.4214562e-01
   4.4311583e-01
   4.4405730e-01
   4.4499876e-01
   4.4594023e-01
   4.4688169e-01
   4.4782315e-01
   4.4876462e-01
   4.4970608e-01
   4.5064755e-01
   4.5158901e-01
   4.5151336e-01
   4.5060276e-01
   4.4969217e-01
   4.4878157e-01
   4.4787097e-01
   4.4696038e-01
   4.4604978e-01
   4.4513919e-01
   4.4422859e-01
   4.4331799e-01
   4.4235085e-01
   4.4125505e-01
   4.4015924e-01
   4.3906344e-01
   4.3796764e-01
   4.3687184e-01
   4.3577603e-01
   4.3468023e-01
   4.3358443e-01
   4.3248863e-01
   4.3146968e-01
   4.3162402e-01
   4.3177835e-01
   4.3193269e-01
   4.3208703e-01
   4.3224137e-01
   4.3239571e-01
   4.3255005e-01
   4.3270438e-01
   4.3285872e-01
   4.3301306e-01
   4.3032811e-01
   4.2700984e-01
   4.2369156e-01
   4.2037329e-01
   4.1705501e-01
   4.1373674e-01
   4.1041846e-01
   4.0710019e-01
   4.0378191e-01
   4.0046364e-01
   3.9974002e-01
   4.0094386e-01
   4.0214770e-01
   4.0335154e-01
   4.0455538e-01
   4.0575922e-01
   4.0696305e-01
   4.0816689e-01
   4.0937073e-01
   4.1057457e-01
   4.1092806e-01
   4.0955445e-01
   4.0818084e-01
   4.0680723e-01
   4.0543362e-01
   4.0406001e-01
   4.0268640e-01
   4.0131278e-01
   3.9993917e-01
   3.9856556e-01
   3.9715609e-01
   3.9536576e-01
   3.9357544e-01
   3.9178511e-01
   3.8999479e-01
   3.8820446e-01
   3.8641414e-01
   3.8462381e-01
   3.8283349e-01
   3.8104316e-01
   3.7925284e-01
   3.7889235e-01
   3.7879975e-01
   3.7870715e-01
   3.7861455e-01
   3.7852194e-01
   3.7842934e-01
   3.7833674e-01
   3.7824413e-01
   3.7815153e-01
   3.7805893e-01
   3.7764310e-01
   3.7701031e-01
   3.7637752e-01
   3.7574474e-01
   3.7511195e-01
   3.7447916e-01
   3.7384638e-01
   3.7321359e-01
   3.7258080e-01
   3.7194801e-01
   3.7191708e-01
   3.7298202e-01
   3.7404695e-01
   3.7511189e-01
   3.7617682e-01
   3.7724176e-01
   3.7830669e-01
   3.7937163e-01
   3.8043656e-01
   3.8150149e-01
   3.8236490e-01
   3.8160865e-01
   3.8085239e-01
   3.8009613e-01
   3.7933987e-01
   3.7858361e-01
   3.7782736e-01
   3.7707110e-01
   3.7631484e-01
   3.7555858e-01
   3.7480232e-01
   3.7558455e-01
   3.7660318e-01
   3.7762181e-01
   3.7864045e-01
   3.7965908e-01
   3.8067771e-01
   3.8169635e-01
   3.8271498e-01
   3.8373361e-01
   3.8475225e-01
   3.8442485e-01
   3.8328274e-01
   3.8214064e-01
   3.8099854e-01
   3.7985643e-01
   3.7871433e-01
   3.7757222e-01
   3.7643012e-01
   3.7528802e-01
   3.7414591e-01
   3.7326125e-01
   3.7279823e-01
   3.7233522e-01
   3.7187220e-01
   3.7140919e-01
   3.7094617e-01
   3.7048316e-01
   3.7002014e-01
   3.6955713e-01
   3.6909411e-01
   3.6852882e-01
   3.6730954e-01
   3.6609027e-01
   3.6487100e-01
   3.6365173e-01
   3.6243245e-01
   3.6121318e-01
   3.5999391e-01
   3.5877463e-01
   3.5755536e-01
   3.5633609e-01
   3.5562585e-01
   3.5497763e-01
   3.5432940e-01
   3.5368118e-01
   3.5303296e-01
   3.5238474e-01
   3.5173652e-01
   3.5108830e-01
   3.5044008e-01
   3.4979186e-01
   3.4955339e-01
   3.4953796e-01
   3.4952252e-01
   3.4950709e-01
   3.4949166e-01
   3.4947622e-01
   3.4946079e-01
   3.4944535e-01
   3.4942992e-01
   3.4941449e-01
   3.4874485e-01
   3.4710887e-01
   3.4547288e-01
   3.4383689e-01
   3.4220091e-01
   3.4056492e-01
   3.3892893e-01
   3.3729295e-01
   3.3565696e-01
   3.3402097e-01
   3.3292770e-01
   3.3468716e-01
   3.3644662e-01
   3.3820607e-01
   3.3996553e-01
   3.4172499e-01
   3.4348445e-01
   3.4524390e-01
   3.4700336e-01
   3.4876282e-01
   3.5052228e-01
   3.4962395e-01
   3.4848185e-01
   3.4733974e-01
   3.4619764e-01
   3.4505553e-01
   3.4391343e-01
   3.4277133e-01
   3.4162922e-01
   3.4048712e-01
   3.3934502e-01
   3.3848300e-01
   3.3775761e-01
   3.3703222e-01
   3.3630683e-01
   3.3558144e-01
   3.3485605e-01
   3.3413066e-01
   3.3340527e-01
   3.3267988e-01
   3.3195449e-01
   3.3243872e-01
   3.3453772e-01
   3.3663673e-01
   3.3873573e-01
   3.4083473e-01
   3.4293373e-01
   3.4503273e-01
   3.4713173e-01
   3.4923074e-01
   3.5132974e-01
   3.5260613e-01
   3.5024475e-01
   3.4788337e-01
   3.4552200e-01
   3.4316062e-01
   3.4079924e-01
   3.3843787e-01
   3.3607649e-01
   3.3371511e-01
   3.3135374e-01
   3.2899236e-01
   3.3020208e-01
   3.3163743e-01
   3.3307277e-01
   3.3450812e-01
   3.3594347e-01
   3.3737881e-01
   3.3881416e-01
   3.4024951e-01
   3.4168485e-01
   3.4312020e-01
   3.4237267e-01
   3.4067495e-01
   3.3897723e-01
   3.3727951e-01
   3.3558178e-01
   3.3388406e-01
   3.3218634e-01
   3.3048862e-01
   3.2879090e-01
   3.2709317e-01
   3.2661862e-01
   3.2762182e-01
   3.2862501e-01
   3.2962821e-01
   3.3063141e-01
   3.3163461e-01
   3.3263781e-01
   3.3364101e-01
   3.3464421e-01
   3.3564741e-01
   3.3618608e-01
   3.3496680e-01
   3.3374753e-01
   3.3252826e-01
   3.3130898e-01
   3.3008971e-01
   3.2887044e-01
   3.2765116e-01
   3.2643189e-01
   3.2521262e-01
   3.2399335e-01
   3.2269959e-01
   3.2140315e-01
   3.2010671e-01
   3.1881027e-01
   3.1751382e-01
   3.1621738e-01
   3.1492094e-01
   3.1362450e-01
   3.1232805e-01
   3.1103161e-01
   3.1107108e-01
   3.1162670e-01
   3.1218232e-01
   3.1273794e-01
   3.1329355e-01
   3.1384917e-01
   3.1440479e-01
   3.1496041e-01
   3.1551603e-01
   3.1607164e-01
   3.1596405e-01
   3.1513062e-01
   3.1429720e-01
   3.1346377e-01
   3.1263034e-01
   3.1179692e-01
   3.1096349e-01
   3.1013006e-01
   3.0929663e-01
   3.0846321e-01
   3.0808767e-01
   3.0921434e-01
   3.1034101e-01
   3.1146768e-01
   3.1259435e-01
   3.1372102e-01
   3.1484769e-01
   3.1597436e-01
   3.1710103e-01
   3.1822770e-01
   3.1935437e-01
   3.1713566e-01
   3.1488232e-01
   3.1262898e-01
   3.1037564e-01
   3.0812230e-01
   3.0586896e-01
   3.0361562e-01
   3.0136228e-01
   2.9910894e-01
   2.9685560e-01
   2.9753785e-01
   2.9922014e-01
   3.0090243e-01
   3.0258472e-01
   3.0426701e-01
   3.0594929e-01
   3.0763158e-01
   3.0931387e-01
   3.1099616e-01
   3.1267845e-01
   3.1247009e-01
   3.1038652e-01
   3.0830295e-01
   3.0621939e-01
   3.0413582e-01
   3.0205225e-01
   2.9996868e-01
   2.9788511e-01
   2.9580155e-01
   2.9371798e-01
   2.9270238e-01
   2.9475508e-01
   2.9680778e-01
   2.9886048e-01
   3.0091318e-01
   3.0296588e-01
   3.0501858e-01
   3.0707128e-01
   3.0912398e-01
   3.1117668e-01
   3.1318356e-01
   3.1204145e-01
   3.1089935e-01
   3.0975725e-01
   3.0861514e-01
   3.0747304e-01
   3.0633093e-01
   3.0518883e-01
   3.0404673e-01
   3.0290462e-01
   3.0176252e-01
   3.0127445e-01
   3.0098121e-01
   3.0068797e-01
   3.0039473e-01
   3.0010148e-01
   2.9980824e-01
   2.9951500e-01
   2.9922175e-01
   2.9892851e-01
   2.9863527e-01
   2.9820385e-01
   2.9764823e-01
   2.9709261e-01
   2.9653699e-01
   2.9598138e-01
   2.9542576e-01
   2.9487014e-01
   2.9431452e-01
   2.9375890e-01
   2.9320329e-01
   2.9294882e-01
   2.9345813e-01
   2.9396745e-01
   2.9447677e-01
   2.9498608e-01
   2.9549540e-01
   2.9600472e-01
   2.9651403e-01
   2.9702335e-01
   2.9753267e-01
   2.9802215e-01
   2.9802215e-01
   2.9802215e-01
   2.9802215e-01
   2.9802215e-01
   2.9802215e-01
   2.9802215e-01
   2.9802215e-01
   2.9802215e-01
   2.9802215e-01
   2.9802215e-01
   2.9824303e-01
   2.9852084e-01
   2.9879865e-01
   2.9907646e-01
   2.9935427e-01
   2.9963208e-01
   2.9990989e-01
   3.0018770e-01
   3.0046551e-01
   3.0074332e-01
   3.0068082e-01
   3.0034128e-01
   3.0000173e-01
   2.9966219e-01
   2.9932264e-01
   2.9898310e-01
   2.9864355e-01
   2.9830401e-01
   2.9796447e-01
   2.9762492e-01
   2.9731859e-01
   2.9708708e-01
   2.9685557e-01
   2.9662406e-01
   2.9639256e-01
   2.9616105e-01
   2.9592954e-01
   2.9569803e-01
   2.9546653e-01
   2.9523502e-01
   2.9500743e-01
   2.9483766e-01
   2.9466789e-01
   2.9449812e-01
   2.9432834e-01
   2.9415857e-01
   2.9398880e-01
   2.9381903e-01
   2.9364925e-01
   2.9347948e-01
   2.9330971e-01
   2.9281102e-01
   2.9223997e-01
   2.9166892e-01
   2.9109786e-01
   2.9052681e-01
   2.8995576e-01
   2.8938471e-01
   2.8881366e-01
   2.8824260e-01
   2.8767155e-01
   2.8716271e-01
   2.8669970e-01
   2.8623668e-01
   2.8577367e-01
   2.8531065e-01
   2.8484763e-01
   2.8438462e-01
   2.8392160e-01
   2.8345859e-01
   2.8299557e-01
   2.8250182e-01
   2.8194620e-01
   2.8139058e-01
   2.8083496e-01
   2.8027935e-01
   2.7972373e-01
   2.7916811e-01
   2.7861249e-01
   2.7805687e-01
   2.7750126e-01
   2.7701499e-01
   2.7724650e-01
   2.7747801e-01
   2.7770952e-01
   2.7794102e-01
   2.7817253e-01
   2.7840404e-01
   2.7863555e-01
   2.7886706e-01
   2.7909856e-01
   2.7933007e-01
   2.7905340e-01
   2.7868299e-01
   2.7831258e-01
   2.7794216e-01
   2.7757175e-01
   2.7720134e-01
   2.7683093e-01
   2.7646052e-01
   2.7609010e-01
   2.7571969e-01
   2.7560874e-01
   2.7567048e-01
   2.7573222e-01
   2.7579395e-01
   2.7585569e-01
   2.7591742e-01
   2.7597916e-01
   2.7604089e-01
   2.7610263e-01
   2.7616436e-01
   2.7620409e-01
   2.7620409e-01
   2.7620409e-01
   2.7620409e-01
   2.7620409e-01
   2.7620409e-01
   2.7620409e-01
   2.7620409e-01
   2.7620409e-01
   2.7620409e-01
   2.7620756e-01
   2.7623843e-01
   2.7626930e-01
   2.7630017e-01
   2.7633104e-01
   2.7636190e-01
   2.7639277e-01
   2.7642364e-01
   2.7645451e-01
   2.7648537e-01
   2.7651624e-01
   2.7619846e-01
   2.7582804e-01
   2.7545763e-01
   2.7508722e-01
   2.7471681e-01
   2.7434640e-01
   2.7397598e-01
   2.7360557e-01
   2.7323516e-01
   2.7286475e-01
   2.7272584e-01
   2.7272584e-01
   2.7272584e-01
   2.7272584e-01
   2.7272584e-01
   2.7272584e-01
   2.7272584e-01
   2.7272584e-01
   2.7272584e-01
   2.7272584e-01
   2.7274349e-01
   2.7278979e-01
   2.7283609e-01
   2.7288240e-01
   2.7292870e-01
   2.7297500e-01
   2.7302130e-01
   2.7306760e-01
   2.7311390e-01
   2.7316020e-01
   2.7312810e-01
   2.7260335e-01
   2.7207860e-01
   2.7155385e-01
   2.7102910e-01
   2.7050435e-01
   2.6997960e-01
   2.6945485e-01
   2.6893010e-01
   2.6840535e-01
   2.6788060e-01
   2.6787984e-01
   2.6794158e-01
   2.6800331e-01
   2.6806505e-01
   2.6812678e-01
   2.6818852e-01
   2.6825025e-01
   2.6831199e-01
   2.6837372e-01
   2.6843546e-01
   2.6828665e-01
   2.6802428e-01
   2.6776190e-01
   2.6749953e-01
   2.6723715e-01
   2.6697478e-01
   2.6671240e-01
   2.6645003e-01
   2.6618765e-01
   2.6592528e-01
   2.6571926e-01
   2.6559579e-01
   2.6547232e-01
   2.6534885e-01
   2.6522538e-01
   2.6510191e-01
   2.6497844e-01
   2.6485497e-01
   2.6473150e-01
   2.6460803e-01
   2.6446457e-01
   2.6421762e-01
   2.6397068e-01
   2.6372374e-01
   2.6347680e-01
   2.6322986e-01
   2.6298292e-01
   2.6273598e-01
   2.6248904e-01
   2.6224209e-01
   2.6199515e-01
   2.6204576e-01
   2.6212292e-01
   2.6220009e-01
   2.6227726e-01
   2.6235443e-01
   2.6243160e-01
   2.6250877e-01
   2.6258594e-01
   2.6266311e-01
   2.6274028e-01
   2.6246367e-01
   2.6201609e-01
   2.6156851e-01
   2.6112093e-01
   2.6067335e-01
   2.6022576e-01
   2.5977818e-01
   2.5933060e-01
   2.5888302e-01
   2.5843544e-01
   2.5802107e-01
   2.5765065e-01
   2.5728024e-01
   2.5690983e-01
   2.5653942e-01
   2.5616901e-01
   2.5579859e-01
   2.5542818e-01
   2.5505777e-01
   2.5468736e-01
   2.5440041e-01
   2.5447758e-01
   2.5455475e-01
   2.5463192e-01
   2.5470909e-01
   2.5478625e-01
   2.5486342e-01
   2.5494059e-01
   2.5501776e-01
   2.5509493e-01
   2.5517210e-01
   2.5484192e-01
   2.5448694e-01
   2.5413196e-01
   2.5377698e-01
   2.5342200e-01
   2.5306703e-01
   2.5271205e-01
   2.5235707e-01
   2.5200209e-01
   2.5164711e-01
   2.5135684e-01
   2.5109447e-01
   2.5083209e-01
   2.5056972e-01
   2.5030734e-01
   2.5004497e-01
   2.4978259e-01
   2.4952022e-01
   2.4925784e-01
   2.4899547e-01
   2.4897181e-01
   2.4923418e-01
   2.4949656e-01
   2.4975894e-01
   2.5002131e-01
   2.5028369e-01
   2.5054606e-01
   2.5080844e-01
   2.5107081e-01
   2.5133319e-01
   2.5148806e-01
   2.5124112e-01
   2.5099418e-01
   2.5074724e-01
   2.5050030e-01
   2.5025336e-01
   2.5000641e-01
   2.4975947e-01
   2.4951253e-01
   2.4926559e-01
   2.4901865e-01
   2.4892099e-01
   2.4882838e-01
   2.4873578e-01
   2.4864318e-01
   2.4855057e-01
   2.4845797e-01
   2.4836537e-01
   2.4827276e-01
   2.4818016e-01
   2.4808756e-01
   2.4800612e-01
   2.4792895e-01
   2.4785178e-01
   2.4777461e-01
   2.4769744e-01
   2.4762027e-01
   2.4754310e-01
   2.4746594e-01
   2.4738877e-01
   2.4731160e-01
   2.4719742e-01
   2.4704309e-01
   2.4688875e-01
   2.4673441e-01
   2.4658007e-01
   2.4642573e-01
   2.4627139e-01
   2.4611706e-01
   2.4596272e-01
   2.4580838e-01
   2.4563586e-01
   2.4540435e-01
   2.4517284e-01
   2.4494133e-01
   2.4470983e-01
   2.4447832e-01
   2.4424681e-01
   2.4401530e-01
   2.4378380e-01
   2.4355229e-01
   2.4332078e-01
   2.4331888e-01
   2.4331888e-01
   2.4331888e-01
   2.4331888e-01
   2.4331888e-01
   2.4331888e-01
   2.4331888e-01
   2.4331888e-01
   2.4331888e-01
   2.4331888e-01
   2.4290331e-01
   2.4234769e-01
   2.4179207e-01
   2.4123645e-01
   2.4068084e-01
   2.4012522e-01
   2.3956960e-01
   2.3901398e-01
   2.3845836e-01
   2.3790274e-01
   2.3749495e-01
   2.3723257e-01
   2.3697020e-01
   2.3670782e-01
   2.3644545e-01
   2.3618307e-01
   2.3592070e-01
   2.3565832e-01
   2.3539595e-01
   2.3513357e-01
   2.3489128e-01
   2.3470607e-01
   2.3452087e-01
   2.3433566e-01
   2.3415046e-01
   2.3396525e-01
   2.3378004e-01
   2.3359484e-01
   2.3340963e-01
   2.3322443e-01
   2.3303998e-01
   2.3290108e-01
   2.3276217e-01
   2.3262327e-01
   2.3248436e-01
   2.3234546e-01
   2.3220655e-01
   2.3206765e-01
   2.3192874e-01
   2.3178984e-01
   2.3165093e-01
   2.3160742e-01
   2.3159198e-01
   2.3157655e-01
   2.3156111e-01
   2.3154568e-01
   2.3153025e-01
   2.3151481e-01
   2.3149938e-01
   2.3148395e-01
   2.3146851e-01
   2.3150204e-01
   2.3157920e-01
   2.3165637e-01
   2.3173354e-01
   2.3181071e-01
   2.3188788e-01
   2.3196505e-01
   2.3204222e-01
   2.3211939e-01
   2.3219656e-01
   2.3210668e-01
   2.3159736e-01
   2.3108804e-01
   2.3057873e-01
   2.3006941e-01
   2.2956009e-01
   2.2905078e-01
   2.2854146e-01
   2.2803214e-01
   2.2752283e-01
   2.2702932e-01
   2.2690585e-01
   2.2678238e-01
   2.2665891e-01
   2.2653544e-01
   2.2641197e-01
   2.2628850e-01
   2.2616503e-01
   2.2604156e-01
   2.2591809e-01
   2.2579462e-01
   2.2557272e-01
   2.2532578e-01
   2.2507884e-01
   2.2483190e-01
   2.2458496e-01
   2.2433802e-01
   2.2409107e-01
   2.2384413e-01
   2.2359719e-01
   2.2335025e-01
   2.2313747e-01
   2.2295226e-01
   2.2276705e-01
   2.2258185e-01
   2.2239664e-01
   2.2221144e-01
   2.2202623e-01
   2.2184102e-01
   2.2165582e-01
   2.2147061e-01
   2.2131884e-01
   2.2124167e-01
   2.2116450e-01
   2.2108733e-01
   2.2101016e-01
   2.2093299e-01
   2.2085582e-01
   2.2077865e-01
   2.2070148e-01
   2.2062431e-01
   2.2054208e-01
   2.2038774e-01
   2.2023341e-01
   2.2007907e-01
   2.1992473e-01
   2.1977039e-01
   2.1961605e-01
   2.1946171e-01
   2.1930738e-01
   2.1915304e-01
   2.1899870e-01
   2.1874290e-01
   2.1846509e-01
   2.1818728e-01
   2.1790948e-01
   2.1763167e-01
   2.1735386e-01
   2.1707605e-01
   2.1679824e-01
   2.1652043e-01
   2.1624262e-01
   2.1603616e-01
   2.1588182e-01
   2.1572749e-01
   2.1557315e-01
   2.1541881e-01
   2.1526447e-01
   2.1511013e-01
   2.1495579e-01
   2.1480146e-01
   2.1464712e-01
   2.1448247e-01
   2.1429726e-01
   2.1411206e-01
   2.1392685e-01
   2.1374164e-01
   2.1355644e-01
   2.1337123e-01
   2.1318603e-01
   2.1300082e-01
   2.1281561e-01
   2.1263041e-01
   2.1244520e-01
   2.1226000e-01
   2.1207479e-01
   2.1188958e-01
   2.1170438e-01
   2.1151917e-01
   2.1133397e-01
   2.1114876e-01
   2.1096355e-01
   2.1077835e-01
   2.1086744e-01
   2.1100634e-01
   2.1114525e-01
   2.1128415e-01
   2.1142306e-01
   2.1156196e-01
   2.1170087e-01
   2.1183977e-01
   2.1197868e-01
   2.1211758e-01
   2.1195894e-01
   2.1160396e-01
   2.1124898e-01
   2.1089401e-01
   2.1053903e-01
   2.1018405e-01
   2.0982907e-01
   2.0947409e-01
   2.0911912e-01
   2.0876414e-01
   2.0843683e-01
   2.0815902e-01
   2.0788121e-01
   2.0760341e-01
   2.0732560e-01
   2.0704779e-01
   2.0676998e-01
   2.0649217e-01
   2.0621436e-01
   2.0593655e-01
   2.0567645e-01
   2.0555298e-01
   2.0542951e-01
   2.0530604e-01
   2.0518257e-01
   2.0505910e-01
   2.0493563e-01
   2.0481216e-01
   2.0468869e-01
   2.0456522e-01
   2.0444175e-01
   2.0421074e-01
   2.0396380e-01
   2.0371686e-01
   2.0346992e-01
   2.0322298e-01
   2.0297604e-01
   2.0272910e-01
   2.0248215e-01
   2.0223521e-01
   2.0198827e-01
   2.0183811e-01
   2.0174551e-01
   2.0165290e-01
   2.0156030e-01
   2.0146770e-01
   2.0137509e-01
   2.0128249e-01
   2.0118989e-01
   2.0109728e-01
   2.0100468e-01
   2.0096531e-01
   2.0101161e-01
   2.0105791e-01
   2.0110421e-01
   2.0115051e-01
   2.0119681e-01
   2.0124311e-01
   2.0128942e-01
   2.0133572e-01
   2.0138202e-01
   2.0141757e-01
   2.0138670e-01
   2.0135583e-01
   2.0132496e-01
   2.0129410e-01
   2.0126323e-01
   2.0123236e-01
   2.0120149e-01
   2.0117063e-01
   2.0113976e-01
   2.0110889e-01
   2.0081543e-01
   2.0049132e-01
   2.0016721e-01
   1.9984310e-01
   1.9951898e-01
   1.9919487e-01
   1.9887076e-01
   1.9854665e-01
   1.9822254e-01
   1.9789843e-01
   1.9768495e-01
   1.9753061e-01
   1.9737627e-01
   1.9722194e-01
   1.9706760e-01
   1.9691326e-01
   1.9675892e-01
   1.9660458e-01
   1.9645024e-01
   1.9629591e-01
   1.9612269e-01
   1.9592205e-01
   1.9572141e-01
   1.9552077e-01
   1.9532013e-01
   1.9511949e-01
   1.9491885e-01
   1.9471821e-01
   1.9451757e-01
   1.9431693e-01
   1.9411882e-01
   1.9393361e-01
   1.9374841e-01
   1.9356320e-01
   1.9337799e-01
   1.9319279e-01
   1.9300758e-01
   1.9282238e-01
   1.9263717e-01
   1.9245196e-01
   1.9226676e-01
   1.9208155e-01
   1.9189635e-01
   1.9171114e-01
   1.9152593e-01
   1.9134073e-01
   1.9115552e-01
   1.9097032e-01
   1.9078511e-01
   1.9059990e-01
   1.9041470e-01
   1.9037561e-01
   1.9040647e-01
   1.9043734e-01
   1.9046821e-01
   1.9049908e-01
   1.9052995e-01
   1.9056081e-01
   1.9059168e-01
   1.9062255e-01
   1.9065342e-01
   1.9055749e-01
   1.9029512e-01
   1.9003274e-01
   1.8977037e-01
   1.8950799e-01
   1.8924562e-01
   1.8898324e-01
   1.8872087e-01
   1.8845849e-01
   1.8819612e-01
   1.8793374e-01
   1.8767136e-01
   1.8740899e-01
   1.8714661e-01
   1.8688424e-01
   1.8662186e-01
   1.8635949e-01
   1.8609711e-01
   1.8583474e-01
   1.8557236e-01
   1.8530999e-01
   1.8517883e-01
   1.8505536e-01
   1.8493189e-01
   1.8480842e-01
   1.8468495e-01
   1.8456148e-01
   1.8443801e-01
   1.8431454e-01
   1.8419107e-01
   1.8406760e-01
   1.8392249e-01
   1.8376815e-01
   1.8361382e-01
   1.8345948e-01
   1.8330514e-01
   1.8315080e-01
   1.8299646e-01
   1.8284212e-01
   1.8268779e-01
   1.8253345e-01
   1.8237206e-01
   1.8220228e-01
   1.8203251e-01
   1.8186274e-01
   1.8169297e-01
   1.8152320e-01
   1.8135342e-01
   1.8118365e-01
   1.8101388e-01
   1.8084411e-01
   1.8070394e-01
   1.8067307e-01
   1.8064220e-01
   1.8061133e-01
   1.8058047e-01
   1.8054960e-01
   1.8051873e-01
   1.8048786e-01
   1.8045700e-01
   1.8042613e-01
   1.8039526e-01
   1.8030455e-01
   1.8021195e-01
   1.8011935e-01
   1.8002675e-01
   1.7993414e-01
   1.7984154e-01
   1.7974894e-01
   1.7965633e-01
   1.7956373e-01
   1.7947113e-01
   1.7925537e-01
   1.7899299e-01
   1.7873062e-01
   1.7846824e-01
   1.7820587e-01
   1.7794349e-01
   1.7768112e-01
   1.7741874e-01
   1.7715637e-01
   1.7689399e-01
   1.7668364e-01
   1.7652931e-01
   1.7637497e-01
   1.7622063e-01
   1.7606629e-01
   1.7591195e-01
   1.7575761e-01
   1.7560328e-01
   1.7544894e-01
   1.7529460e-01
   1.7514393e-01
   1.7500502e-01
   1.7486612e-01
   1.7472722e-01
   1.7458831e-01
   1.7444941e-01
   1.7431050e-01
   1.7417160e-01
   1.7403269e-01
   1.7389379e-01
   1.7375488e-01
   1.7358530e-01
   1.7341553e-01
   1.7324576e-01
   1.7307598e-01
   1.7290621e-01
   1.7273644e-01
   1.7256667e-01
   1.7239690e-01
   1.7222712e-01
   1.7205735e-01
   1.7192231e-01
   1.7179883e-01
   1.7167536e-01
   1.7155189e-01
   1.7142842e-01
   1.7130495e-01
   1.7118148e-01
   1.7105801e-01
   1.7093454e-01
   1.7081107e-01
   1.7073447e-01
   1.7070360e-01
   1.7067273e-01
   1.7064187e-01
   1.7061100e-01
   1.7058013e-01
   1.7054926e-01
   1.7051840e-01
   1.7048753e-01
   1.7045666e-01
   1.7039341e-01
   1.7023907e-01
   1.7008473e-01
   1.6993039e-01
   1.6977605e-01
   1.6962172e-01
   1.6946738e-01
   1.6931304e-01
   1.6915870e-01
   1.6900436e-01
   1.6884860e-01
   1.6861709e-01
   1.6838559e-01
   1.6815408e-01
   1.6792257e-01
   1.6769106e-01
   1.6745956e-01
   1.6722805e-01
   1.6699654e-01
   1.6676503e-01
   1.6653352e-01
   1.6637375e-01
   1.6623484e-01
   1.6609594e-01
   1.6595703e-01
   1.6581813e-01
   1.6567922e-01
   1.6554032e-01
   1.6540142e-01
   1.6526251e-01
   1.6512361e-01
   1.6498470e-01
   1.6484580e-01
   1.6470689e-01
   1.6456799e-01
   1.6442908e-01
   1.6429018e-01
   1.6415127e-01
   1.6401237e-01
   1.6387347e-01
   1.6373456e-01
   1.6358680e-01
   1.6341703e-01
   1.6324726e-01
   1.6307748e-01
   1.6290771e-01
   1.6273794e-01
   1.6256817e-01
   1.6239840e-01
   1.6222862e-01
   1.6205885e-01
   1.6189174e-01
   1.6178370e-01
   1.6167566e-01
   1.6156762e-01
   1.6145959e-01
   1.6135155e-01
   1.6124351e-01
   1.6113548e-01
   1.6102744e-01
   1.6091940e-01
   1.6081137e-01
   1.6074033e-01
   1.6067860e-01
   1.6061686e-01
   1.6055513e-01
   1.6049339e-01
   1.6043166e-01
   1.6036992e-01
   1.6030819e-01
   1.6024645e-01
   1.6018472e-01
   1.6008013e-01
   1.5994122e-01
   1.5980232e-01
   1.5966341e-01
   1.5952451e-01
   1.5938560e-01
   1.5924670e-01
   1.5910779e-01
   1.5896889e-01
   1.5882999e-01
   1.5867618e-01
   1.5848943e-01
   1.5830268e-01
   1.5811593e-01
   1.5792918e-01
   1.5774243e-01
   1.5755568e-01
   1.5736893e-01
   1.5718218e-01
   1.5699543e-01
   1.5681181e-01
   1.5667137e-01
   1.5653092e-01
   1.5639047e-01
   1.5625002e-01
   1.5610958e-01
   1.5596913e-01
   1.5582868e-01
   1.5568823e-01
   1.5554778e-01
   1.5540734e-01
   1.5526562e-01
   1.5512363e-01
   1.5498163e-01
   1.5483964e-01
   1.5469765e-01
   1.5455566e-01
   1.5441367e-01
   1.5427168e-01
   1.5412969e-01
   1.5398769e-01
   1.5386092e-01
   1.5374517e-01
   1.5362941e-01
   1.5351366e-01
   1.5339790e-01
   1.5328215e-01
   1.5316640e-01
   1.5305064e-01
   1.5293489e-01
   1.5281914e-01
   1.5269923e-01
   1.5257113e-01
   1.5244303e-01
   1.5231493e-01
   1.5218683e-01
   1.5205873e-01
   1.5193063e-01
   1.5180253e-01
   1.5167443e-01
   1.5154632e-01
   1.5142178e-01
   1.5133227e-01
   1.5124275e-01
   1.5115323e-01
   1.5106372e-01
   1.5097420e-01
   1.5088468e-01
   1.5079517e-01
   1.5070565e-01
   1.5061614e-01
   1.5052662e-01
   1.5042532e-01
   1.5032191e-01
   1.5021851e-01
   1.5011510e-01
   1.5001169e-01
   1.4990829e-01
   1.4980488e-01
   1.4970147e-01
   1.4959807e-01
   1.4949466e-01
   1.4934554e-01
   1.4916650e-01
   1.4898747e-01
   1.4880844e-01
   1.4862941e-01
   1.4845037e-01
   1.4827134e-01
   1.4809231e-01
   1.4791328e-01
   1.4773424e-01
   1.4755911e-01
   1.4739088e-01
   1.4722265e-01
   1.4705442e-01
   1.4688619e-01
   1.4671796e-01
   1.4654973e-01
   1.4638151e-01
   1.4621328e-01
   1.4604505e-01
   1.4588006e-01
   1.4573962e-01
   1.4559917e-01
   1.4545872e-01
   1.4531827e-01
   1.4517782e-01
   1.4503738e-01
   1.4489693e-01
   1.4475648e-01
   1.4461603e-01
   1.4447558e-01
   1.4431223e-01
   1.4414555e-01
   1.4397886e-01
   1.4381218e-01
   1.4364549e-01
   1.4347881e-01
   1.4331212e-01
   1.4314543e-01
   1.4297875e-01
   1.4281206e-01
   1.4266091e-01
   1.4251892e-01
   1.4237693e-01
   1.4223494e-01
   1.4209295e-01
   1.4195096e-01
   1.4180897e-01
   1.4166697e-01
   1.4152498e-01
   1.4138299e-01
   1.4125646e-01
   1.4115460e-01
   1.4105273e-01
   1.4095087e-01
   1.4084901e-01
   1.4074714e-01
   1.4064528e-01
   1.4054342e-01
   1.4044155e-01
   1.4033969e-01
   1.4023041e-01
   1.4007607e-01
   1.3992173e-01
   1.3976739e-01
   1.3961305e-01
   1.3945872e-01
   1.3930438e-01
   1.3915004e-01
   1.3899570e-01
   1.3884136e-01
   1.3868702e-01
   1.3849805e-01
   1.3830513e-01
   1.3811221e-01
   1.3791928e-01
   1.3772636e-01
   1.3753344e-01
   1.3734052e-01
   1.3714759e-01
   1.3695467e-01
   1.3676175e-01
   1.3661120e-01
   1.3648310e-01
   1.3635500e-01
   1.3622690e-01
   1.3609879e-01
   1.3597069e-01
   1.3584259e-01
   1.3571449e-01
   1.3558639e-01
   1.3545829e-01
   1.3532956e-01
   1.3519991e-01
   1.3507027e-01
   1.3494062e-01
   1.3481098e-01
   1.3468134e-01
   1.3455169e-01
   1.3442205e-01
   1.3429240e-01
   1.3416276e-01
   1.3402927e-01
   1.3387648e-01
   1.3372368e-01
   1.3357089e-01
   1.3341809e-01
   1.3326530e-01
   1.3311250e-01
   1.3295971e-01
   1.3280691e-01
   1.3265412e-01
   1.3250132e-01
   1.3235280e-01
   1.3220463e-01
   1.3205647e-01
   1.3190830e-01
   1.3176014e-01
   1.3161197e-01
   1.3146381e-01
   1.3131564e-01
   1.3116748e-01
   1.3101931e-01
   1.3090883e-01
   1.3081623e-01
   1.3072363e-01
   1.3063103e-01
   1.3053842e-01
   1.3044582e-01
   1.3035322e-01
   1.3026061e-01
   1.3016801e-01
   1.3007541e-01
   1.2997409e-01
   1.2986142e-01
   1.2974875e-01
   1.2963609e-01
   1.2952342e-01
   1.2941075e-01
   1.2929809e-01
   1.2918542e-01
   1.2907275e-01
   1.2896009e-01
   1.2884448e-01
   1.2871638e-01
   1.2858828e-01
   1.2846017e-01
   1.2833207e-01
   1.2820397e-01
   1.2807587e-01
   1.2794777e-01
   1.2781967e-01
   1.2769157e-01
   1.2756347e-01
   1.2738861e-01
   1.2721112e-01
   1.2703363e-01
   1.2685614e-01
   1.2667865e-01
   1.2650117e-01
   1.2632368e-01
   1.2614619e-01
   1.2596870e-01
   1.2579121e-01
   1.2563759e-01
   1.2549405e-01
   1.2535052e-01
   1.2520698e-01
   1.2506345e-01
   1.2491991e-01
   1.2477638e-01
   1.2463284e-01
   1.2448931e-01
   1.2434577e-01
   1.2421782e-01
   1.2410824e-01
   1.2399866e-01
   1.2388908e-01
   1.2377950e-01
   1.2366992e-01
   1.2356034e-01
   1.2345076e-01
   1.2334118e-01
   1.2323160e-01
   1.2312866e-01
   1.2304995e-01
   1.2297124e-01
   1.2289253e-01
   1.2281381e-01
   1.2273510e-01
   1.2265639e-01
   1.2257768e-01
   1.2249896e-01
   1.2242025e-01
   1.2234154e-01
   1.2219537e-01
   1.2204720e-01
   1.2189904e-01
   1.2175087e-01
   1.2160271e-01
   1.2145454e-01
   1.2130638e-01
   1.2115821e-01
   1.2101005e-01
   1.2086188e-01
   1.2074852e-01
   1.2064820e-01
   1.2054788e-01
   1.2044756e-01
   1.2034724e-01
   1.2024692e-01
   1.2014660e-01
   1.2004628e-01
   1.1994596e-01
   1.1984564e-01
   1.1977966e-01
   1.1975033e-01
   1.1972101e-01
   1.1969168e-01
   1.1966236e-01
   1.1963304e-01
   1.1960371e-01
   1.1957439e-01
   1.1954506e-01
   1.1951574e-01
   1.1947235e-01
   1.1938438e-01
   1.1929641e-01
   1.1920843e-01
   1.1912046e-01
   1.1903249e-01
   1.1894452e-01
   1.1885654e-01
   1.1876857e-01
   1.1868060e-01
   1.1859262e-01
   1.1846315e-01
   1.1833351e-01
   1.1820386e-01
   1.1807422e-01
   1.1794457e-01
   1.1781493e-01
   1.1768529e-01
   1.1755564e-01
   1.1742600e-01
   1.1729635e-01
   1.1718064e-01
   1.1706951e-01
   1.1695839e-01
   1.1684727e-01
   1.1673614e-01
   1.1662502e-01
   1.1651390e-01
   1.1640277e-01
   1.1629165e-01
   1.1618052e-01
   1.1611097e-01
   1.1608165e-01
   1.1605232e-01
   1.1602300e-01
   1.1599367e-01
   1.1596435e-01
   1.1593503e-01
   1.1590570e-01
   1.1587638e-01
   1.1584705e-01
   1.1579366e-01
   1.1567327e-01
   1.1555289e-01
   1.1543251e-01
   1.1531212e-01
   1.1519174e-01
   1.1507135e-01
   1.1495097e-01
   1.1483059e-01
   1.1471020e-01
   1.1458956e-01
   1.1445683e-01
   1.1432410e-01
   1.1419137e-01
   1.1405864e-01
   1.1392591e-01
   1.1379318e-01
   1.1366045e-01
   1.1352772e-01
   1.1339499e-01
   1.1326225e-01
   1.1317867e-01
   1.1310922e-01
   1.1303976e-01
   1.1297031e-01
   1.1290086e-01
   1.1283141e-01
   1.1276196e-01
   1.1269250e-01
   1.1262305e-01
   1.1255360e-01
   1.1248826e-01
   1.1242652e-01
   1.1236479e-01
   1.1230305e-01
   1.1224132e-01
   1.1217958e-01
   1.1211785e-01
   1.1205611e-01
   1.1199437e-01
   1.1193264e-01
   1.1185530e-01
   1.1173954e-01
   1.1162379e-01
   1.1150804e-01
   1.1139228e-01
   1.1127653e-01
   1.1116077e-01
   1.1104502e-01
   1.1092927e-01
   1.1081351e-01
   1.1069713e-01
   1.1056749e-01
   1.1043784e-01
   1.1030820e-01
   1.1017856e-01
   1.1004891e-01
   1.0991927e-01
   1.0978962e-01
   1.0965998e-01
   1.0953033e-01
   1.0940069e-01
   1.0911523e-01
   1.0879112e-01
   1.0846701e-01
   1.0814290e-01
   1.0781879e-01
   1.0749468e-01
   1.0717057e-01
   1.0684646e-01
   1.0652235e-01
   1.0619824e-01
   1.0594037e-01
   1.0573510e-01
   1.0552983e-01
   1.0532456e-01
   1.0511929e-01
   1.0491402e-01
   1.0470875e-01
   1.0450348e-01
   1.0429821e-01
   1.0409294e-01
   1.0387557e-01
   1.0363172e-01
   1.0338786e-01
   1.0314401e-01
   1.0290015e-01
   1.0265630e-01
   1.0241244e-01
   1.0216859e-01
   1.0192473e-01
   1.0168088e-01
   1.0144380e-01
   1.0129718e-01
   1.0115056e-01
   1.0100393e-01
   1.0085731e-01
   1.0071069e-01
   1.0056407e-01
   1.0041745e-01
   1.0027083e-01
   1.0012421e-01
   9.9977584e-02
   9.9731547e-02
   9.9464542e-02
   9.9197536e-02
   9.8930531e-02
   9.8663526e-02
   9.8396520e-02
   9.8129515e-02
   9.7862509e-02
   9.7595504e-02
   9.7328499e-02
   9.7207002e-02
   9.7190024e-02
   9.7173047e-02
   9.7156070e-02
   9.7139093e-02
   9.7122115e-02
   9.7105138e-02
   9.7088161e-02
   9.7071184e-02
   9.7054207e-02
   9.6963128e-02
   9.6726990e-02
   9.6490853e-02
   9.6254715e-02
   9.6018577e-02
   9.5782440e-02
   9.5546302e-02
   9.5310164e-02
   9.5074026e-02
   9.4837889e-02
   9.4614699e-02
   9.4515922e-02
   9.4417146e-02
   9.4318369e-02
   9.4219593e-02
   9.4120816e-02
   9.4022040e-02
   9.3923263e-02
   9.3824487e-02
   9.3725710e-02
   9.3626934e-02
   9.3495344e-02
   9.3357983e-02
   9.3220622e-02
   9.3083261e-02
   9.2945900e-02
   9.2808539e-02
   9.2671177e-02
   9.2533816e-02
   9.2396455e-02
   9.2259094e-02
   9.2125477e-02
   9.1994290e-02
   9.1863102e-02
   9.1731915e-02
   9.1600727e-02
   9.1469539e-02
   9.1338352e-02
   9.1207164e-02
   9.1075977e-02
   9.0944789e-02
   9.0846069e-02
   9.0804398e-02
   9.0762727e-02
   9.0721055e-02
   9.0679384e-02
   9.0637713e-02
   9.0596041e-02
   9.0554370e-02
   9.0512699e-02
   9.0471027e-02
   9.0419450e-02
   9.0294436e-02
   9.0169422e-02
   9.0044408e-02
   8.9919394e-02
   8.9794380e-02
   8.9669366e-02
   8.9544352e-02
   8.9419338e-02
   8.9294324e-02
   8.9169310e-02
   8.8947062e-02
   8.8710925e-02
   8.8474787e-02
   8.8238649e-02
   8.8002512e-02
   8.7766374e-02
   8.7530236e-02
   8.7294099e-02
   8.7057961e-02
   8.6821823e-02
   8.6593478e-02
   8.6369688e-02
   8.6145897e-02
   8.5922106e-02
   8.5698316e-02
   8.5474525e-02
   8.5250735e-02
   8.5026944e-02
   8.4803153e-02
   8.4579363e-02
   8.4378884e-02
   8.4215286e-02
   8.4051687e-02
   8.3888088e-02
   8.3724490e-02
   8.3560891e-02
   8.3397292e-02
   8.3233694e-02
   8.3070095e-02
   8.2906496e-02
   8.2737363e-02
   8.2535180e-02
   8.2332996e-02
   8.2130813e-02
   8.1928630e-02
   8.1726447e-02
   8.1524263e-02
   8.1322080e-02
   8.1119897e-02
   8.0917714e-02
   8.0715530e-02
   8.0610536e-02
   8.0516390e-02
   8.0422243e-02
   8.0328097e-02
   8.0233950e-02
   8.0139804e-02
   8.0045658e-02
   7.9951511e-02
   7.9857365e-02
   7.9763218e-02
   7.9772302e-02
   7.9835580e-02
   7.9898859e-02
   7.9962138e-02
   8.0025417e-02
   8.0088695e-02
   8.0151974e-02
   8.0215253e-02
   8.0278531e-02
   8.0341810e-02
   8.0375211e-02
   8.0365951e-02
   8.0356691e-02
   8.0347430e-02
   8.0338170e-02
   8.0328910e-02
   8.0319649e-02
   8.0310389e-02
   8.0301129e-02
   8.0291868e-02
   8.0278459e-02
   8.0244504e-02
   8.0210550e-02
   8.0176595e-02
   8.0142641e-02
   8.0108687e-02
   8.0074732e-02
   8.0040778e-02
   8.0006823e-02
   7.9972869e-02
   7.9938914e-02
   7.9785145e-02
   7.9621547e-02
   7.9457948e-02
   7.9294349e-02
   7.9130751e-02
   7.8967152e-02
   7.8803553e-02
   7.8639955e-02
   7.8476356e-02
   7.8312757e-02
   7.8175409e-02
   7.8050395e-02
   7.7925381e-02
   7.7800367e-02
   7.7675353e-02
   7.7550338e-02
   7.7425324e-02
   7.7300310e-02
   7.7175296e-02
   7.7050282e-02
   7.6957603e-02
   7.6906672e-02
   7.6855740e-02
   7.6804808e-02
   7.6753877e-02
   7.6702945e-02
   7.6652013e-02
   7.6601082e-02
   7.6550150e-02
   7.6499218e-02
   7.6415882e-02
   7.6196721e-02
   7.5977561e-02
   7.5758401e-02
   7.5539240e-02
   7.5320080e-02
   7.5100919e-02
   7.4881759e-02
   7.4662598e-02
   7.4443438e-02
   7.4224277e-02
   7.4076868e-02
   7.3933334e-02
   7.3789799e-02
   7.3646264e-02
   7.3502730e-02
   7.3359195e-02
   7.3215660e-02
   7.3072126e-02
   7.2928591e-02
   7.2785056e-02
   7.2729646e-02
   7.2711126e-02
   7.2692605e-02
   7.2674084e-02
   7.2655564e-02
   7.2637043e-02
   7.2618523e-02
   7.2600002e-02
   7.2581481e-02
   7.2562961e-02
   7.2597810e-02
   7.2695043e-02
   7.2792277e-02
   7.2889510e-02
   7.2986743e-02
   7.3083976e-02
   7.3181209e-02
   7.3278442e-02
   7.3375676e-02
   7.3472909e-02
   7.3535947e-02
   7.3475755e-02
   7.3415563e-02
   7.3355371e-02
   7.3295179e-02
   7.3234987e-02
   7.3174795e-02
   7.3114603e-02
   7.3054411e-02
   7.2994219e-02
   7.2934028e-02
   7.2965474e-02
   7.2999428e-02
   7.3033383e-02
   7.3067337e-02
   7.3101292e-02
   7.3135246e-02
   7.3169201e-02
   7.3203155e-02
   7.3237109e-02
   7.3271064e-02
   7.3255478e-02
   7.3221524e-02
   7.3187569e-02
   7.3153615e-02
   7.3119661e-02
   7.3085706e-02
   7.3051752e-02
   7.3017797e-02
   7.2983843e-02
   7.2949888e-02
   7.2906939e-02
   7.2854464e-02
   7.2801989e-02
   7.2749514e-02
   7.2697039e-02
   7.2644564e-02
   7.2592089e-02
   7.2539614e-02
   7.2487139e-02
   7.2434664e-02
   7.2368381e-02
   7.2258800e-02
   7.2149220e-02
   7.2039640e-02
   7.1930060e-02
   7.1820479e-02
   7.1710899e-02
   7.1601319e-02
   7.1491739e-02
   7.1382158e-02
   7.1272578e-02
   7.1135274e-02
   7.0997913e-02
   7.0860552e-02
   7.0723191e-02
   7.0585829e-02
   7.0448468e-02
   7.0311107e-02
   7.0173746e-02
   7.0036385e-02
   6.9899024e-02
   6.9861755e-02
   6.9857125e-02
   6.9852495e-02
   6.9847864e-02
   6.9843234e-02
   6.9838604e-02
   6.9833974e-02
   6.9829344e-02
   6.9824714e-02
   6.9820083e-02
   6.9798128e-02
   6.9759544e-02
   6.9720959e-02
   6.9682374e-02
   6.9643790e-02
   6.9605205e-02
   6.9566621e-02
   6.9528036e-02
   6.9489452e-02
   6.9450867e-02
   6.9464909e-02
   6.9623878e-02
   6.9782846e-02
   6.9941815e-02
   7.0100783e-02
   7.0259752e-02
   7.0418720e-02
   7.0577689e-02
   7.0736657e-02
   7.0895626e-02
   7.1052820e-02
   7.1133076e-02
   7.1213332e-02
   7.1293588e-02
   7.1373844e-02
   7.1454100e-02
   7.1534356e-02
   7.1614612e-02
   7.1694868e-02
   7.1775124e-02
   7.1855379e-02
   7.1905590e-02
   7.1947261e-02
   7.1988933e-02
   7.2030604e-02
   7.2072275e-02
   7.2113947e-02
   7.2155618e-02
   7.2197290e-02
   7.2238961e-02
   7.2280632e-02
   7.2254616e-02
   7.2169730e-02
   7.2084844e-02
   7.1999958e-02
   7.1915072e-02
   7.1830186e-02
   7.1745300e-02
   7.1660413e-02
   7.1575527e-02
   7.1490641e-02
   7.1415186e-02
   7.1362711e-02
   7.1310236e-02
   7.1257761e-02
   7.1205286e-02
   7.1152811e-02
   7.1100336e-02
   7.1047861e-02
   7.0995386e-02
   7.0942911e-02
   7.0885999e-02
   7.0739377e-02
   7.0592756e-02
   7.0446134e-02
   7.0299513e-02
   7.0152891e-02
   7.0006270e-02
   6.9859649e-02
   6.9713027e-02
   6.9566406e-02
   6.9419784e-02
   6.9269443e-02
   6.9118192e-02
   6.8966940e-02
   6.8815689e-02
   6.8664437e-02
   6.8513185e-02
   6.8361934e-02
   6.8210682e-02
   6.8059431e-02
   6.7908179e-02
   6.7812186e-02
   6.7759711e-02
   6.7707236e-02
   6.7654761e-02
   6.7602286e-02
   6.7549811e-02
   6.7497335e-02
   6.7444860e-02
   6.7392385e-02
   6.7339910e-02
   6.7303021e-02
   6.7299934e-02
   6.7296847e-02
   6.7293761e-02
   6.7290674e-02
   6.7287587e-02
   6.7284500e-02
   6.7281414e-02
   6.7278327e-02
   6.7275240e-02
   6.7262634e-02
   6.7126816e-02
   6.6990998e-02
   6.6855180e-02
   6.6719363e-02
   6.6583545e-02
   6.6447727e-02
   6.6311909e-02
   6.6176092e-02
   6.6040274e-02
   6.5904456e-02
   6.5865745e-02
   6.5847224e-02
   6.5828704e-02
   6.5810183e-02
   6.5791663e-02
   6.5773142e-02
   6.5754621e-02
   6.5736101e-02
   6.5717580e-02
   6.5699060e-02
   6.5640879e-02
   6.5554450e-02
   6.5468020e-02
   6.5381591e-02
   6.5295161e-02
   6.5208732e-02
   6.5122302e-02
   6.5035873e-02
   6.4949443e-02
   6.4863014e-02
   6.4783409e-02
   6.4717044e-02
   6.4650678e-02
   6.4584313e-02
   6.4517947e-02
   6.4451582e-02
   6.4385216e-02
   6.4318851e-02
   6.4252485e-02
   6.4186120e-02
   6.4125997e-02
   6.4124454e-02
   6.4122911e-02
   6.4121367e-02
   6.4119824e-02
   6.4118281e-02
   6.4116737e-02
   6.4115194e-02
   6.4113650e-02
   6.4112107e-02
   6.4110564e-02
   6.4061656e-02
   6.4004551e-02
   6.3947446e-02
   6.3890340e-02
   6.3833235e-02
   6.3776130e-02
   6.3719025e-02
   6.3661920e-02
   6.3604815e-02
   6.3547709e-02
   6.3523480e-02
   6.3520393e-02
   6.3517307e-02
   6.3514220e-02
   6.3511133e-02
   6.3508046e-02
   6.3504959e-02
   6.3501873e-02
   6.3498786e-02
   6.3495699e-02
   6.3483605e-02
   6.3455824e-02
   6.3428043e-02
   6.3400262e-02
   6.3372482e-02
   6.3344701e-02
   6.3316920e-02
   6.3289139e-02
   6.3261358e-02
   6.3233577e-02
   6.3204863e-02
   6.3169365e-02
   6.3133867e-02
   6.3098370e-02
   6.3062872e-02
   6.3027374e-02
   6.2991876e-02
   6.2956378e-02
   6.2920881e-02
   6.2885383e-02
   6.2849885e-02
   6.2829277e-02
   6.2810756e-02
   6.2792236e-02
   6.2773715e-02
   6.2755194e-02
   6.2736674e-02
   6.2718153e-02
   6.2699633e-02
   6.2681112e-02
   6.2662591e-02
   6.2627457e-02
   6.2582699e-02
   6.2537941e-02
   6.2493183e-02
   6.2448425e-02
   6.2403667e-02
   6.2358909e-02
   6.2314150e-02
   6.2269392e-02
   6.2224634e-02
   6.2171463e-02
   6.2105098e-02
   6.2038732e-02
   6.1972367e-02
   6.1906001e-02
   6.1839636e-02
   6.1773270e-02
   6.1706905e-02
   6.1640539e-02
   6.1574174e-02
   6.1528916e-02
   6.1607629e-02
   6.1686341e-02
   6.1765054e-02
   6.1843766e-02
   6.1922479e-02
   6.2001192e-02
   6.2079904e-02
   6.2158617e-02
   6.2237329e-02
   6.2316042e-02
   6.2288995e-02
   6.2250410e-02
   6.2211825e-02
   6.2173241e-02
   6.2134656e-02
   6.2096072e-02
   6.2057487e-02
   6.2018902e-02
   6.1980318e-02
   6.1941733e-02
   6.1846297e-02
   6.1721282e-02
   6.1596268e-02
   6.1471254e-02
   6.1346240e-02
   6.1221226e-02
   6.1096212e-02
   6.0971198e-02
   6.0846184e-02
   6.0721170e-02
   6.0608294e-02
   6.0512604e-02
   6.0416915e-02
   6.0321225e-02
   6.0225535e-02
   6.0129845e-02
   6.0034155e-02
   5.9938466e-02
   5.9842776e-02
   5.9747086e-02
   5.9667146e-02
   5.9664060e-02
   5.9660973e-02
   5.9657886e-02
   5.9654799e-02
   5.9651713e-02
   5.9648626e-02
   5.9645539e-02
   5.9642452e-02
   5.9639366e-02
   5.9636279e-02
   5.9610320e-02
   5.9582539e-02
   5.9554758e-02
   5.9526977e-02
   5.9499196e-02
   5.9471415e-02
   5.9443634e-02
   5.9415853e-02
   5.9388072e-02
   5.9360291e-02
   5.9348308e-02
   5.9343678e-02
   5.9339048e-02
   5.9334418e-02
   5.9329787e-02
   5.9325157e-02
   5.9320527e-02
   5.9315897e-02
   5.9311267e-02
   5.9306637e-02
   5.9291854e-02
   5.9264073e-02
   5.9236293e-02
   5.9208512e-02
   5.9180731e-02
   5.9152950e-02
   5.9125169e-02
   5.9097388e-02
   5.9069607e-02
   5.9041826e-02
   5.9021557e-02
   5.9032360e-02
   5.9043164e-02
   5.9053968e-02
   5.9064771e-02
   5.9075575e-02
   5.9086379e-02
   5.9097182e-02
   5.9107986e-02
   5.9118790e-02
   5.9129594e-02
   5.9002454e-02
   5.8868180e-02
   5.8733905e-02
   5.8599631e-02
   5.8465357e-02
   5.8331082e-02
   5.8196808e-02
   5.8062534e-02
   5.7928259e-02
   5.7793985e-02
   5.7715358e-02
   5.7659796e-02
   5.7604234e-02
   5.7548672e-02
   5.7493110e-02
   5.7437549e-02
   5.7381987e-02
   5.7326425e-02
   5.7270863e-02
   5.7215301e-02
   5.7151162e-02
   5.7077080e-02
   5.7002998e-02
   5.6928915e-02
   5.6854833e-02
   5.6780750e-02
   5.6706668e-02
   5.6632585e-02
   5.6558503e-02
   5.6484421e-02
   5.6423536e-02
   5.6409646e-02
   5.6395755e-02
   5.6381865e-02
   5.6367974e-02
   5.6354084e-02
   5.6340193e-02
   5.6326303e-02
   5.6312412e-02
   5.6298522e-02
   5.6284632e-02
   5.6237622e-02
   5.6189777e-02
   5.6141932e-02
   5.6094087e-02
   5.6046242e-02
   5.5998397e-02
   5.5950552e-02
   5.5902707e-02
   5.5854862e-02
   5.5807018e-02
   5.5758044e-02
   5.5708655e-02
   5.5659267e-02
   5.5609879e-02
   5.5560490e-02
   5.5511102e-02
   5.5461714e-02
   5.5412326e-02
   5.5362937e-02
   5.5313549e-02
   5.5306313e-02
   5.5343354e-02
   5.5380395e-02
   5.5417437e-02
   5.5454478e-02
   5.5491519e-02
   5.5528560e-02
   5.5565601e-02
   5.5602643e-02
   5.5639684e-02
   5.5657907e-02
   5.5617779e-02
   5.5577651e-02
   5.5537523e-02
   5.5497395e-02
   5.5457267e-02
   5.5417139e-02
   5.5377011e-02
   5.5336883e-02
   5.5296755e-02
   5.5256627e-02
