2.45773e-10
7.0861e-10
8.94918e-10
7.21625e-09
1.37054e-08
2.11841e-08
2.6962e-08
3.65392e-08
4.43682e-08
8.88275e-08
9.11875e-08
3.10709e-07
1.76587e-07
2.88375e-07
2.88118e-07
6.74721e-07
1.22853e-06
6.18521e-07
1.66902e-06
3.19046e-06
4.09785e-06
8.58054e-06
1.0934e-05
4.93417e-06
6.09876e-06
5.05071e-06
2.83211e-05
3.39222e-05
3.29943e-05
6.50506e-05
0.000112461
0.000203358
0.000188507
0.000218554
0.000206778
0.000144682
0.000176051
0.000337295
0.000404645
0.000323862
0.000407186
0.000164497
0.000122382
0.000840287
0.00198694
0.00308041
0.00205168
0.00247684
0.00199533
0.0017171
0.001702
0.00339427
0.00417002
0.00736196
0.0056397
0.0266449
0.0282176
0.0446281
0.04374
0.0345613
0.0377968
0.0354816
0.0787072
0.0680232
0.0651296
0.0837106
0.0888154
0.0501865
0.0406897
0.0671388
0.0464721
0.0271208
0.0304043
0.0513103
0.0470853
0.0325695
0.14156
0.0900315
0.0241939
0.0289781
0.0716214
0.0832627
0.156051
0.106494
0.13611
0.0491279
0.0253911
0.0723774
0.199346
0.170842
0.103047
0.125898
0.0816449
0.104287
0.116538
0.158351
0.0774522
0.0833506
0.251566
0.32671
0.419815
0.229241
0.472243
0.541292
0.570545
0.470897
0.428038
0.520324
0.403994
0.282475
0.0908356
0.122167
0.233934
0.244232
0.263078
0.459566
0.622239
0.69327
0.570644
0.619906
0.63589
0.551555
0.49746
0.68073
0.731827
0.637618
0.638596
0.720946
0.702038
0.507227
0.757179
0.503366
0.703843
0.557157
0.850213
0.775406
0.912729
0.657504
0.44581
0.446529
0.291863
0.555309
0.458207
0.684762
1.00601
1.21012
1.42903
0.739626
0.611385
0.482225
0.396739
0.612789
0.540558
0.588921
0.62225
0.570267
0.621842
0.642385
0.273009
0.504637
0.841598
1.12639
1.00169
1.03245
1.37872
1.22775
1.07707
1.22459
1.1953
1.12119
1.16126
1.09967
0.596632
0.829389
0.756995
0.817747
0.92299
1.05704
0.935022
0.70136
0.696446
0.646417
0.837062
0.725201
0.874913
1.02285
1.01421
1.08098
1.03668
1.21895
1.18593
1.0843
0.631539
0.412735
0.212319
0.404098
0.512361
0.512975
0.610816
0.780033
0.834248
1.00757
1.18857
1.38876
1.48273
1.57255
1.81712
1.01839
0.674383
0.480768
0.452738
0.389549
0.550446
0.611486
0.767439
0.987669
1.14064
1.03065
1.02104
1.16457
1.40757
1.61594
1.77619
1.74162
1.43967
1.5316
1.98144
1.83948
1.84855
1.91568
1.71102
1.56568
1.26274
1.2734
1.1615
0.998829
1.02024
0.97925
1.1389
1.06736
1.16766
1.28359
1.12462
1.22589
1.28939
1.57498
1.69956
2.04097
2.23953
2.38236
2.76725
3.61996
2.8159
2.50985
1.47683
2.02107
1.03647
1.44698
1.72102
1.90761
1.93611
2.424
3.1036
3.21996
3.91033
4.37554
4.70005
4.83191
5.19557
5.20909
5.10661
5.24683
5.00506
5.18538
5.27967
5.33508
5.60952
5.95949
5.99322
4.91596
5.27193
4.31306
3.27326
2.71231
2.7592
3.60205
4.4474
3.7161
4.11927
4.18837
4.81059
4.35233
4.77495
5.16102
5.6405
5.17717
5.65904
5.95165
6.22601
6.22358
6.4928
6.76314
6.88631
7.02246
7.40293
7.52229
7.86413
7.90827
6.65991
5.52527
7.12426
7.55279
7.59487
7.49997
7.0373
7.21387
7.07587
6.95173
6.85836
6.77385
7.03602
5.86492
5.4949
5.46964
5.71363
5.63428
5.6244
6.19366
6.29701
6.25739
6.44063
6.57902
6.27361
6.3881
6.33442
6.6878
6.89554
7.06245
7.20382
7.56809
7.4102
7.83824
7.43605
6.38777
6.64021
7.1047
7.07512
6.9307
7.21786
7.48685
7.61521
7.63975
7.84152
8.04096
8.02014
8.25066
8.43293
8.5446
8.63515
8.76429
8.28782
8.16574
8.08826
8.06848
7.79892
7.91319
8.00345
7.97464
7.99929
8.09885
8.15806
8.14386
8.18902
8.37208
8.44621
8.41321
8.4727
8.36607
8.52847
8.35746
8.62481
8.20261
8.42969
8.22545
8.57589
8.20029
7.88032
8.37041
8.08512
8.33414
8.34244
8.28143
8.50457
8.56435
8.19068
7.1949
7.80065
8.03706
7.91289
7.87125
7.9397
7.97918
7.56105
8.01824
8.08715
8.02947
8.11878
8.02508
8.04611
8.11591
8.11941
8.32707
7.82212
7.79025
7.93178
8.15088
7.91099
8.00576
8.20206
8.09062
8.26995
8.23443
8.48073
8.14911
8.31421
8.1976
8.48577
8.45525
8.37671
8.358
8.31526
8.53336
8.24256
8.28709
8.45139
8.44788
8.23692
8.35592
8.50156
8.45867
8.3262
8.4688
8.34265
8.52959
8.45328
8.32693
8.49848
8.34742
8.25194
8.36032
8.21487
8.09783
7.90053
7.98401
7.98285
7.93892
8.08671
8.03805
8.06871
7.95709
8.01955
8.13865
7.85759
8.12674
7.99216
8.11354
8.03363
8.00649
7.01315
7.05895
6.94937
7.91388
8.00105
8.043
8.09659
8.09052
8.04675
8.06532
8.04887
7.96353
7.75524
7.91753
8.01791
8.03243
7.39422
8.00611
7.94876
7.85118
6.88467
7.77473
7.87074
7.6414
7.89396
7.78063
7.55988
7.88069
7.85413
7.59581
7.40012
7.71501
7.75367
7.78351
7.81708
7.7422
7.73348
7.71656
7.78765
7.79914
7.81291
7.77362
7.75481
7.77161
7.78291
7.78305
7.76315
7.70099
7.71726
7.71855
7.70989
7.65072
7.42945
7.22107
7.55725
7.541
7.52441
7.27915
7.38767
7.48996
7.48283
7.45636
7.48246
7.44564
7.48879
7.22177
7.44616
7.48944
7.4284
7.43117
7.4675
7.47982
7.26289
7.2402
7.28701
7.36834
7.18776
7.29564
7.37342
7.35413
7.34284
7.34337
7.34272
7.33842
7.35545
7.27272
7.25577
7.12996
6.72422
6.83975
7.23126
7.21082
7.16613
7.1838
7.06975
6.99455
6.91856
6.50438
6.61467
5.85438
5.95845
6.14987
6.08169
5.96766
6.02651
5.83798
6.04527
5.89023
5.95197
5.88575
5.9202
5.93257
5.69326
5.87373
5.89207
5.91584
5.87576
5.8528
5.90473
5.94789
5.95842
6.00805
5.95411
5.86488
5.85947
5.79198
5.78441
5.44633
5.50242
5.60155
5.41889
5.44666
5.47454
5.52039
5.62243
5.38023
5.3871
5.20007
5.33503
5.29786
5.06263
5.21134
5.22261
5.11699
5.02408
5.09753
5.09145
5.19849
5.04304
5.23008
5.14276
5.15929
5.06714
5.2365
5.17431
5.06855
5.15369
5.18379
5.1028
5.22727
5.07504
5.19107
5.0184
4.95386
5.0891
4.94139
4.84917
5.00509
4.99409
4.89005
4.86059
4.9733
4.86593
5.05021
4.94293
4.94959
4.92227
5.00555
4.90284
4.98194
5.05834
4.97019
4.82788
4.89688
4.95057
4.99253
5.01651
5.05071
4.89448
5.06232
4.70762
4.99359
5.15199
5.0462
4.87046
4.96675
5.05141
4.93946
4.95131
5.05153
4.96834
4.96636
4.87439
4.86316
5.09134
4.91002
5.01261
4.95709
5.0258
4.90396
4.88692
5.00167
5.00299
5.0569
4.8663
5.12312
4.99581
4.9882
5.02083
4.98849
4.98189
5.07876
5.09823
5.03734
5.11076
5.11879
4.94752
5.05863
5.09945
5.16658
5.11444
5.09766
5.09552
5.10665
5.06322
5.04263
5.14296
5.09345
5.04538
4.81956
5.16614
4.81944
4.94348
5.10788
4.99724
5.11314
5.151
5.08829
5.15388
5.06995
5.09191
5.10521
5.10466
5.13735
5.05792
5.13889
5.12269
5.13852
5.04557
5.18609
5.18119
5.08722
5.07448
5.13547
5.09037
5.06022
5.13332
4.91142
5.02221
4.84181
5.02821
5.10543
5.08884
5.07117
5.05989
4.93324
4.90426
4.91156
4.98736
4.90691
4.88577
4.83162
4.88973
4.82089
4.75886
4.653
4.69518
4.39097
4.61856
4.53583
4.47483
4.3957
4.52518
4.37042
4.45438
4.31615
4.366
4.31075
4.30592
4.16457
4.2574
4.206
4.17573
4.08705
4.15099
3.96794
4.12324
3.93329
3.99815
3.82777
3.84875
3.87961
3.80569
3.82437
3.84648
3.68548
3.69574
3.73215
3.61842
3.57006
3.51939
3.57043
3.4642
3.53149
3.40812
3.38171
3.5622
3.30515
3.40477
3.29071
3.46127
3.27417
3.18364
3.27073
3.20326
3.24136
3.34443
3.06709
3.22142
3.31496
3.20728
3.05002
3.01799
3.38006
3.14415
3.02319
3.21344
3.10678
3.05241
3.10301
3.08467
3.03095
3.08046
2.88148
2.91205
2.62532
2.79068
3.04602
2.83265
2.93615
2.57655
2.65029
2.67369
2.82584
2.76717
2.75464
2.92874
2.84301
2.61753
2.86355
2.74118
2.67365
2.81562
2.9834
2.78372
2.85644
2.81116
2.69811
2.71046
2.77069
2.81253
2.86364
2.83659
2.76743
2.78252
2.84669
2.79704
2.67068
2.90351
2.81239
2.70297
2.81419
2.72358
2.71619
2.7629
2.74917
2.69485
2.33132
2.66646
2.79139
2.76882
2.60753
2.6497
2.64101
2.25704
2.58848
2.60214
2.38106
2.61983
2.60712
2.6275
2.75843
2.54779
2.64308
2.60235
2.65319
2.6922
2.56163
2.55418
2.44381
2.21912
2.31641
2.42695
2.43837
2.40181
2.29307
2.44808
2.34122
2.47011
2.4567
2.36889
2.39648
2.47898
2.46031
2.47946
2.44297
2.36545
2.3931
2.37137
2.41339
2.39896
2.30097
2.44205
2.44228
2.33438
2.29704
2.36905
2.40033
2.39
2.31844
2.44485
2.30869
2.32323
2.38437
2.25011
2.4223
2.22987
2.39334
2.37342
2.23519
2.37519
2.4026
2.2792
2.24419
2.24748
2.3683
2.29816
2.35714
2.23553
2.32392
2.29103
2.3177
2.27786
2.28844
2.29215
2.29152
2.22387
2.34636
2.32266
2.27974
2.28632
2.25532
2.28991
2.32463
2.26959
2.32247
2.24103
2.2918
2.2902
2.32668
2.2237
2.31557
2.28899
2.29507
2.29673
2.24894
2.25685
2.33266
2.28234
2.30069
2.28687
2.27857
2.26461
2.30016
2.31942
2.32528
2.23867
2.27492
2.27158
2.30492
2.30397
2.30163
2.3015
2.27588
2.29797
2.31074
2.33557
2.26745
2.27714
2.27254
2.26343
2.24511
2.29649
2.25006
2.28501
2.28125
2.27151
2.26251
2.26081
2.2889
2.2771
2.28274
2.24516
2.24348
2.13006
2.07574
2.06463
2.24721
2.26661
2.26899
2.2504
2.25494
2.2103
2.24397
2.29611
2.21716
2.21373
2.25475
2.23114
2.22277
2.2451
2.24468
2.24294
2.22875
2.24064
2.23348
2.22078
2.22954
2.23067
2.20198
2.21111
2.21582
2.18322
2.17261
2.17156
2.19893
2.2092
2.15728
2.18835
2.17853
2.20053
2.15653
2.16234
2.14943
2.15216
2.18394
2.17874
2.14837
1.92383
1.85145
1.90188
1.96705
1.96315
1.99877
2.00029
1.99754
1.99539
1.99328
1.98003
1.985
1.9466
2.02913
1.93309
1.66962
1.76506
1.83662
1.86284
1.77624
1.90735
1.75417
1.80869
1.75423
1.80946
1.86343
1.829
1.89262
1.85619
1.78837
1.57419
1.66998
1.73676
1.69763
1.73834
1.74928
1.77328
1.70469
1.77465
1.78521
1.77402
1.73936
1.74118
1.7035
1.72221
1.52045
1.61339
1.56771
1.61636
1.612
1.61445
1.63728
1.59384
1.61147
1.5782
1.57292
1.54191
1.54437
1.49617
1.51732
1.49036
1.4801
1.40003
1.48912
1.51125
1.43183
1.46503
1.40885
1.4746
1.37215
1.43701
1.44381
1.28618
1.47779
1.36854
1.34409
1.37706
1.32384
1.31357
1.34315
1.26902
1.23192
1.38228
1.29929
1.16957
1.35029
1.32556
1.24908
1.28146
1.23152
1.21947
1.16441
1.30194
1.20091
1.1677
1.21745
1.26029
1.14112
1.13887
1.09035
1.17912
1.2038
1.17569
1.10331
1.13724
1.12152
1.07485
1.06951
1.1941
1.10855
1.07556
1.02983
1.19007
1.08842
1.12814
1.08803
1.05512
1.07301
1.07219
1.11317
1.11188
1.06385
1.00249
1.0612
1.04494
1.02451
1.08775
1.08103
1.01165
1.08676
1.01763
1.08216
1.01892
1.07609
0.99522
0.992284
1.04832
1.01305
0.976792
1.16205
1.02428
0.999129
0.9451
1.02309
1.06013
0.981757
1.07197
1.05355
0.977775
1.05548
1.01729
0.985605
1.01069
0.98926
1.03244
1.06481
1.01741
1.04591
0.950853
1.09223
1.0436
1.04256
0.996005
0.972009
1.02668
1.01413
1.01094
0.995585
1.05105
0.978778
1.01254
0.950431
1.03399
1.05425
0.916863
1.0171
0.966065
0.989889
0.997928
1.00633
1.02293
1.00178
1.03608
1.06598
0.973491
1.06832
0.980169
0.986247
1.0047
0.925517
1.04113
1.00612
0.874345
1.0065
0.962418
1.00327
0.952316
0.94647
0.992744
0.972804
0.903686
0.869608
0.898011
0.981277
0.962963
0.926132
0.900764
0.942907
0.924181
0.875996
0.905668
0.909278
0.880006
0.91993
0.91406
0.871407
0.809674
0.908484
0.820776
0.919567
0.925376
0.871455
0.806751
0.817135
0.825112
0.922968
0.85702
0.865742
0.865651
0.799665
0.870934
0.788466
0.878558
0.862203
0.845257
0.887984
0.789036
0.785137
0.815943
0.800249
0.836082
0.889344
0.822345
0.78121
0.837518
0.829045
0.782424
0.760452
0.77954
0.831757
0.806927
0.838654
0.809656
0.843486
0.768045
0.737054
0.695093
0.833145
0.759273
0.830262
0.776413
0.783877
0.763898
0.736205
0.700432
0.770478
0.744661
0.742574
0.849463
0.775837
0.793521
0.713773
0.714696
0.779684
0.769983
0.736734
0.752383
0.770353
0.749863
0.736
0.708424
0.672973
0.714858
0.819293
0.757008
0.77005
0.747479
0.740391
0.714399
0.703485
0.665078
0.744628
0.76636
0.769712
0.743205
0.739892
0.722273
0.71308
0.676283
0.683337
0.721533
0.793431
0.763933
0.683986
0.69531
0.726048
0.692664
0.692355
0.611043
0.661095
0.753892
0.727036
0.718354
0.705278
0.652022
0.666618
0.693367
0.664218
0.61599
0.726058
0.714078
0.703841
0.702629
0.706126
0.630273
0.681412
0.644761
0.631634
0.624451
0.715192
0.66248
0.660912
0.681904
0.681593
0.664909
0.63582
0.70512
0.630987
0.610722
0.666286
0.651235
0.672904
0.701686
0.65433
0.675287
0.6429
0.679903
0.613059
0.576062
0.638259
0.669758
0.682102
0.658864
0.664499
0.647905
0.629735
0.629353
0.617485
0.567098
0.59892
0.637042
0.683771
0.672975
0.670365
0.634177
0.612967
0.61762
0.634629
0.597647
0.606313
0.650489
0.628649
0.641042
0.631912
0.658286
0.621917
0.588311
0.61834
0.571383
0.569718
0.592283
0.665446
0.669473
0.606026
0.632524
0.66357
0.571125
0.625087
0.603612
0.580577
0.563117
0.592689
0.623209
0.656839
0.640722
0.58165
0.61067
0.602536
0.590371
0.577603
0.593851
0.586543
0.573226
0.617108
0.627232
0.610429
0.624834
0.598342
0.594205
0.578802
0.570545
0.58308
0.599462
0.588135
0.582383
0.628216
0.607268
0.613299
0.57357
0.550389
0.547869
0.574654
0.6151
0.590675
0.60142
0.577833
0.581483
0.592706
0.578827
0.616699
0.564914
0.555756
0.558713
0.576689
0.595305
0.613436
0.576769
0.572601
0.574039
0.589324
0.567472
0.576362
0.559209
0.544103
0.556131
0.597004
0.580782
0.581912
0.557029
0.591701
0.564183
0.548698
0.588392
0.54494
0.542067
0.55345
0.556355
0.59459
0.58964
0.582343
0.574755
0.557182
0.586754
0.545253
0.556616
0.555726
0.564962
0.55052
0.535596
0.608048
0.553705
0.572326
0.567429
0.551013
0.545044
0.548081
0.540907
0.555652
0.552637
0.549302
0.568808
0.556932
0.574195
0.567911
0.574799
0.562233
0.545565
0.569554
0.540573
0.548923
0.574135
0.527937
0.546636
0.546636
0.530602
0.555006
0.556429
0.533423
0.550615
0.54953
0.535236
0.523883
0.547671
0.543597
0.534422
0.562375
0.544333
0.55658
0.533059
0.55004
0.541814
0.531194
0.52967
0.55202
0.522583
0.549048
0.548609
0.542555
0.566269
0.549456
0.549015
0.548632
0.528836
0.505131
0.527337
0.540432
0.524676
0.544681
0.527455
0.530555
0.548544
0.523074
0.523508
0.53564
0.527855
0.527552
0.539485
0.531495
0.529679
0.531231
0.52424
0.542876
0.519726
0.518779
0.524916
0.537505
0.519605
0.52816
0.527527
0.549802
0.512775
0.517577
0.507233
0.526083
0.504853
0.525956
0.515759
0.529766
0.506278
0.519538
0.517623
0.498031
0.513668
0.506896
0.52011
0.526316
0.522719
0.523226
0.508478
0.521521
0.522016
0.515178
0.516061
0.521223
0.507833
0.507248
0.500301
0.512349
0.510781
0.516469
0.496396
0.518798
0.484065
0.48987
0.505343
0.504396
0.50621
0.521344
0.509365
0.508423
0.522815
0.495057
0.51263
0.507467
0.505713
0.492549
0.497205
0.491018
0.506688
0.498404
0.48209
0.506633
0.50862
0.481342
0.491276
0.514333
0.500004
0.512909
0.492136
0.490749
0.497618
0.499226
0.48728
0.485944
0.466004
0.484717
0.48638
0.48423
0.478245
0.507058
0.495096
0.495449
0.482179
0.478451
0.498004
0.488738
0.471976
0.489656
0.495763
0.481214
0.472711
0.484291
0.479921
0.486569
0.475534
0.479922
0.485628
0.489143
0.472323
0.467591
0.476138
0.473543
0.464553
0.476173
0.482549
0.476519
0.479918
0.466855
0.466257
0.480435
0.462265
0.470795
0.470116
0.47128
0.45924
0.454618
0.484166
0.476893
0.473944
0.478824
0.468965
0.463389
0.452377
0.47837
0.46581
0.454845
0.467232
0.457622
0.478669
0.464828
0.46552
0.454032
0.440122
0.458906
0.449318
0.472555
0.469297
0.461122
0.461533
0.446236
0.450634
0.453417
0.457442
0.442165
0.437749
0.441153
0.450026
0.452753
0.466241
0.460066
0.449041
0.447575
0.443491
0.451132
0.44415
0.453688
0.445299
0.454031
0.454322
0.441787
0.446039
0.439866
0.448025
0.437863
0.437448
0.449919
0.442103
0.441607
0.420775
0.452663
0.448023
0.44442
0.435729
0.438534
0.437486
0.435828
0.446212
0.439815
0.447088
0.443816
0.425056
0.42077
0.42241
0.433772
0.441901
0.427718
0.427174
0.439882
0.438547
0.436372
0.440756
0.431739
0.42401
0.440415
0.436617
0.420696
0.421573
0.425021
0.429516
0.420933
0.428895
0.419881
0.43147
0.426534
0.426674
0.42791
0.426414
0.419917
0.431757
0.422591
0.425992
0.428505
0.41821
0.428615
0.412135
0.425322
0.42363
0.412138
0.415396
0.40503
0.407576
0.417722
0.417423
0.421574
0.416812
0.41606
0.418266
0.406106
0.41385
0.404161
0.408635
0.405673
0.402647
0.411264
0.409276
0.40735
0.418454
0.401822
0.403074
0.400066
0.393479
0.398615
0.410728
0.40621
0.416718
0.402952
0.403682
0.398392
0.397221
0.405792
0.394636
0.401872
0.398247
0.398987
0.398856
0.403476
0.405439
0.392719
0.393901
0.395533
0.376721
0.392331
0.39049
0.381569
0.392893
0.396653
0.385393
0.396698
0.387362
0.383468
0.380423
0.378148
0.389769
0.390616
0.380806
0.389522
0.386273
0.384382
0.388987
0.377917
0.376795
0.383256
0.378444
0.380555
0.36993
0.385113
0.382678
0.37302
0.380666
0.36831
0.368413
0.377026
0.36675
0.376161
0.377949
0.369997
0.362518
0.368838
0.36729
0.365507
0.37021
0.364627
0.370141
0.352873
0.351043
0.356568
0.362
0.349868
0.35768
0.355948
0.357749
0.360813
0.3543
0.352201
0.350304
0.353885
0.360172
0.350334
0.352559
0.356755
0.358392
0.344367
0.343052
0.346243
0.342853
0.350601
0.344965
0.348517
0.347338
0.335756
0.346403
0.342509
0.338629
0.353371
0.326857
0.338316
0.32241
0.341536
0.333754
0.32766
0.337044
0.340652
0.343839
0.330239
0.327863
0.317589
0.333147
0.336182
0.332505
0.331073
0.330393
0.314191
0.321921
0.323613
0.316245
0.325706
0.317412
0.309259
0.316705
0.31941
0.313112
0.32147
0.313436
0.31794
0.317497
0.313524
0.322999
0.326315
0.308118
0.301157
0.326952
0.309437
0.310448
0.304111
0.314032
0.313274
0.305584
0.326196
0.306658
0.299946
0.297438
0.320193
0.312625
0.296583
0.303193
0.313205
0.302905
0.303899
0.31049
0.295407
0.313392
0.307249
0.285161
0.301881
0.294445
0.288439
0.296474
0.290239
0.298399
0.289148
0.294816
0.296566
0.299755
0.295973
0.299774
0.294213
0.284404
0.282085
0.294649
0.292322
0.291666
0.291624
0.294365
0.286966
0.289438
0.292988
0.275479
0.284185
0.296811
0.283199
0.28496
0.275862
0.284456
0.282788
0.27746
0.274908
0.287607
0.28972
0.277527
0.279882
0.287049
0.28378
0.285501
0.280837
0.278638
0.268344
0.274806
0.27416
0.270524
0.265693
0.268171
0.273515
0.273014
0.267457
0.265652
0.275335
0.268012
0.269818
0.267752
0.268525
0.266269
0.267783
0.260562
0.279721
0.266826
0.261144
0.267346
0.273215
0.265205
0.265084
0.260829
0.247028
0.238194
0.249892
0.251908
0.246205
0.247524
0.243593
0.246152
0.248279
0.253603
0.252394
0.239686
0.245418
0.245393
0.249278
0.236526
0.247604
0.241105
0.243538
0.24792
0.240994
0.234753
0.236983
0.24889
0.232999
0.233538
0.242268
0.237183
0.219212
0.231981
0.22314
0.226861
0.237557
0.225829
0.237877
0.21489
0.233255
0.221939
0.22514
0.233919
0.214555
0.227274
0.21459
0.231644
0.208992
0.23676
0.211318
0.23003
0.21062
0.239225
0.207629
0.222523
0.20538
0.230419
0.199686
0.222316
0.209401
0.213289
0.219575
0.203336
0.216273
0.207359
0.213328
0.201456
0.20979
0.211286
0.201372
0.212713
0.196876
0.211048
0.197679
0.199878
0.213545
0.187889
0.220331
0.189887
0.211232
0.209762
0.191755
0.202563
0.208041
0.197091
0.200693
0.194156
0.203268
0.210713
0.185685
0.204445
0.194987
0.191914
0.202421
0.195589
0.189879
0.19484
0.191386
0.193877
0.207611
0.190767
0.190487
0.197291
0.184849
0.188218
0.201393
0.175138
0.209246
0.193062
0.168416
0.201439
0.187668
0.189156
0.191041
0.192952
0.194249
0.181119
0.181411
0.196813
0.176798
0.181533
0.204955
0.162047
0.191813
0.192184
0.179653
0.196576
0.188432
0.180924
0.172837
0.191534
0.180623
0.169717
0.196024
0.184024
0.177413
0.191751
0.173979
0.191842
0.170752
0.178364
0.172582
0.178076
0.187102
0.173863
0.189609
0.169616
0.179372
0.176025
0.192758
0.163228
0.177377
0.197146
0.162344
0.165096
0.193234
0.179873
0.160147
0.181033
0.193326
0.165519
0.173454
0.189947
0.167083
0.171013
0.173688
0.172946
0.175104
0.179448
0.155659
0.198467
0.161997
0.180363
0.17545
0.170601
0.173389
0.169116
0.176491
0.164682
0.176078
0.172222
0.170391
0.166809
0.174353
0.181659
0.176105
0.157047
0.179184
0.177319
0.169444
0.163893
0.178931
0.170197
0.161501
0.17747
0.170191
0.162956
0.165096
0.173659
0.169102
0.175319
0.163999
0.166368
0.181567
0.166216
0.164225
0.158804
0.175778
0.170619
0.164325
0.152258
0.168646
0.170468
0.169289
0.170502
0.148533
0.167271
0.176039
0.169911
0.15536
0.162756
0.17311
0.168745
0.15313
0.157079
0.16895
0.163102
0.160809
0.166811
0.164617
0.166539
0.154019
0.167142
0.151403
0.165098
0.158771
0.169734
0.156187
0.154673
0.155315
0.15976
0.167002
0.156922
0.153642
0.151312
0.153813
0.152773
0.165794
0.147359
0.14765
0.168402
0.158026
0.158038
0.145829
0.155227
0.176751
0.154641
0.143702
0.145782
0.160855
0.161243
0.153858
0.148574
0.136897
0.159576
0.160084
0.15571
0.163372
0.139627
0.162871
0.152255
0.165982
0.151696
0.13912
0.149226
0.158174
0.149806
0.152674
0.138316
0.157716
0.151689
0.160613
0.153177
0.132582
0.149619
0.15119
0.158452
0.162231
0.134138
0.13765
0.158231
0.15527
0.144996
0.143029
0.127793
0.149674
0.157608
0.153842
0.140598
0.132966
0.154892
0.148507
0.155413
0.139387
0.142317
0.131553
0.151763
0.152258
0.152161
0.133643
0.139636
0.142972
0.147864
0.153293
0.132334
0.148565
0.13471
0.1546
0.146272
0.132273
0.132836
0.15379
0.132745
0.14785
0.127953
0.131641
0.156819
0.142444
0.136271
0.143647
0.127728
0.141831
0.142619
0.126322
0.143075
0.128018
0.130588
0.146454
0.148235
0.132742
0.121336
0.137438
0.130652
0.15049
0.145684
0.127027
0.134494
0.138329
0.138353
0.144907
0.148791
0.119708
0.13484
0.133389
0.132077
0.140856
0.123956
0.124311
0.1348
0.135123
0.137875
0.137183
0.125469
0.132803
0.127764
0.123054
0.129363
0.128049
0.12283
0.135162
0.119152
0.128311
0.129461
0.137319
0.130983
0.13577
0.123625
0.126482
0.125788
0.13121
0.123314
0.138483
0.140535
0.114818
0.131223
0.12559
0.128917
0.13174
0.130767
0.119824
0.12596
0.128491
0.13193
0.135905
0.127255
0.121504
0.115098
0.124934
0.126709
0.125651
0.128336
0.128747
0.113031
0.124003
0.12527
0.128829
0.127698
0.135278
0.124772
0.114285
0.124158
0.11335
0.125847
0.126253
0.132002
0.120179
0.111307
0.126638
0.123283
0.131159
0.115981
0.124437
0.10445
0.126217
0.12707
0.125111
0.122893
0.122901
0.111884
0.104985
0.124167
0.117982
0.131122
0.12889
0.122583
0.116183
0.111455
0.111603
0.123918
0.119523
0.114114
0.117864
0.115667
0.112978
0.119924
0.124092
0.119076
0.119062
0.122729
0.109881
0.112065
0.126746
0.119772
0.120652
0.112072
0.112503
0.107853
0.110904
0.114146
0.122108
0.12663
0.116797
0.111579
0.110068
0.124583
0.111684
0.11542
0.113315
0.118163
0.1085
0.112921
0.117842
0.111886
0.116628
0.114584
0.117978
0.100818
0.107413
0.115805
0.111283
0.109641
0.121336
0.111345
0.104696
0.110562
0.112786
0.121651
0.108507
0.122119
0.115691
0.108237
0.104859
0.11171
0.111197
0.104492
0.105684
0.105468
0.107489
0.108774
0.104604
0.119138
0.112961
0.108343
0.102524
0.106012
0.108904
0.110536
0.114232
0.115078
0.106812
0.105357
0.104137
0.104888
0.113407
0.109417
0.108323
0.102351
0.102256
0.105635
0.106985
0.112871
0.105895
0.10856
0.113836
0.108575
0.107152
0.0981423
0.10637
0.105021
0.103906
0.102825
0.099247
0.103501
0.105904
0.10447
0.106505
0.111773
0.104405
0.101967
0.101121
0.102715
0.109229
0.0960097
0.114693
0.106656
0.0997369
0.101569
0.108153
0.106664
0.103675
0.0991439
0.101089
0.0995132
0.100756
0.108354
0.10866
0.109455
0.096331
0.098498
0.0970323
0.096976
0.100642
0.0933782
0.110464
0.103573
0.0947407
0.0970761
0.0980931
0.0961195
0.102989
0.100693
0.0988809
0.103616
0.0999341
0.0933912
0.102186
0.101926
0.105858
0.100898
0.104557
0.0993899
0.0991923
0.100432
0.0974795
0.0973029
0.103536
0.0961684
0.102654
0.0920702
0.0997147
0.0940986
0.100212
0.100164
0.0985267
0.0964281
0.0887111
0.098712
0.0982301
0.103
0.0950684
0.0966469
0.101573
0.100757
0.0945024
0.101349
0.0968988
0.0917574
0.0861377
0.107474
0.106194
0.0948294
0.0896245
0.0934739
0.101213
0.0886903
0.0962333
0.0960084
0.0963647
0.0892217
0.0861241
0.0937433
0.0982278
0.0919918
0.0939118
0.0951214
0.10285
0.089063
0.0928088
0.0935961
0.0927104
0.0883906
0.0923578
0.094837
0.0979124
0.0962804
0.0935706
0.0882594
0.0909657
0.091353
0.0882133
0.0907123
0.0865391
0.0944371
0.0915122
0.0967514
0.0887829
0.0860467
0.0906194
0.0913275
0.0875119
0.0889598
0.0906119
0.0816812
0.096216
0.101145
0.0923278
0.0886703
0.0869239
0.0936189
0.0885781
0.0913857
0.0975339
0.0899778
0.0896484
0.0809696
0.0853641
0.0919446
0.0848519
0.0939693
0.0900343
0.0949371
0.092262
0.0865801
0.0883469
0.094224
0.0881781
0.0906998
0.0918456
0.0856949
0.0843481
0.0926867
0.0799383
0.0920905
0.0867937
0.0826265
0.0924389
0.0903459
0.0863571
0.0818198
0.0899808
0.0804858
0.0931201
0.093327
0.0843541
0.0833479
0.0859232
0.0891373
0.0861873
0.0844495
0.0868588
0.0826964
0.0891755
0.0854878
0.0858977
0.0845248
0.0817713
0.0763023
0.0933799
0.0857742
0.0912984
0.0819404
0.0807163
0.081114
0.0838582
0.0829913
0.0841268
0.0841247
0.081882
0.08517
0.0870478
0.081398
0.0881628
0.0850299
0.0712523
0.0791129
0.0756609
0.0885256
0.0885823
0.0830828
0.0841425
0.0900111
0.0890076
0.0840224
0.0809504
0.0841449
0.0856624
0.0867181
0.0865695
0.0745999
0.084723
0.0777893
0.0857185
0.0861202
0.0823982
0.0818242
0.0796927
0.0806988
0.0746526
0.0794747
0.0847587
0.0826015
0.0823311
0.0826193
0.0774069
0.0765994
0.0816466
0.0767257
0.0841141
0.0848186
0.0833724
0.0847477
0.0851773
0.0863656
0.0777224
0.0851625
0.07546
0.0802847
0.0752913
0.0830194
0.085719
0.0748541
0.0757378
0.0711111
0.0816104
0.0782057
0.0842478
0.0729157
0.080653
0.0781816
0.0803499
0.0755922
0.0744234
0.0822305
0.0776107
0.079188
0.0793306
0.0819829
0.0844628
0.0823008
0.0777612
0.0811729
0.0820499
0.0761027
0.0748334
0.0791521
0.0794133
0.0704625
0.0820164
0.079972
0.0793442
0.0792103
0.0781386
0.0844589
0.0838746
0.0744515
0.0665782
0.0782029
0.0704553
0.076377
0.0712233
0.0822841
0.0758057
0.0773358
0.0786186
0.0753576
0.0735567
0.0783911
0.0745393
0.0779209
0.0817553
0.0821239
0.0759433
0.0769843
0.0744425
0.0753323
0.0716954
0.0753657
0.0768993
0.0723322
0.0741371
0.0800448
0.0685107
0.0736786
0.0831724
0.0763454
0.0795913
0.0734206
0.0708887
0.0768821
0.0789391
0.0700909
0.0711623
0.0751676
0.0815608
0.069863
0.070453
0.0768624
0.0773997
0.0688836
0.0720902
0.0770581
0.072717
0.0725456
0.0712826
0.0743477
0.0733662
0.0779125
0.0796288
0.0775493
0.0702249
0.0777611
0.0697081
0.0768665
0.0745048
0.071245
0.0696759
0.0757485
0.0725502
0.0672099
0.0756384
0.0744424
0.0715128
0.0713584
0.0655328
0.076253
0.0750552
0.0675179
0.0692446
0.0666246
0.0733706
0.064086
0.0724371
0.0693781
0.0708429
0.0706827
0.0719127
0.071592
0.0706918
0.0758533
0.0710393
0.0721585
0.0727582
0.073386
0.0753075
0.0690509
0.0732257
0.0696481
0.0735351
0.0724892
0.0748836
0.0723734
0.0693603
0.0736147
0.0745984
0.0731237
0.0677221
0.0695938
0.0654475
0.0675221
0.0754364
0.0712566
0.0674655
0.0712057
0.0636605
0.0643439
0.0698488
0.0707308
0.0682482
0.07049
0.0722451
0.0733647
0.0727934
0.0718971
0.0711029
0.0714301
0.0751536
0.0728327
0.0702494
0.0675994
0.0662046
0.0716714
0.0710599
0.0685889
0.066233
0.0684104
0.0726172
0.06744
0.0656511
0.0708777
0.0699648
0.0725346
0.0658869
0.0627778
0.069274
0.0640959
0.0709938
0.0708471
0.0709056
0.0640883
0.0690672
0.068394
0.065201
0.0696571
0.0691481
0.0691478
0.0684935
0.0578262
0.0690755
0.0700653
0.0692276
0.0659604
0.0686965
0.0673243
0.0712062
0.0709106
0.0627304
0.0651481
0.064957
0.0693884
0.0678962
0.0682915
0.0691016
0.070594
0.0665228
0.0649412
0.0686857
0.06132
0.0683242
0.0670435
0.0627328
0.0641098
0.0656266
0.066696
0.0673733
0.0642963
0.0698807
0.0654688
0.0673461
0.0610987
0.0648203
0.0678222
0.0643519
0.0623485
0.0634988
0.066495
0.0669995
0.0631956
0.0665313
0.0660239
0.068265
0.064908
0.0635853
0.064884
0.0643532
0.0660715
0.0662743
0.0638518
0.0606721
0.0647092
0.0679648
0.0655012
0.0650998
0.0642764
0.0651795
0.0570424
0.0637146
0.0621231
0.0657895
0.0631598
0.0624
0.063086
0.0619813
0.065712
0.0612439
0.0630127
0.0632789
0.0592442
0.0626176
0.0628367
0.062451
0.0657329
0.0610462
0.0590432
0.0588934
0.0584729
0.0625762
0.0633268
0.063326
0.06397
0.0609676
0.0639549
0.0624538
0.0635183
0.0630962
0.0583101
0.0606119
0.0602111
0.0594055
0.0620805
0.0577499
0.0572165
0.057887
0.0620074
0.0608382
0.0620429
0.0634416
0.0613413
0.0607303
0.0591931
0.0593523
0.0596434
0.052165
0.0550524
0.060709
0.0570828
0.0588776
0.0544649
0.0608102
0.0639214
0.0599638
0.0595106
0.0564821
0.0572189
0.0538317
0.0600997
0.05881
0.0571809
0.0582715
0.0566588
0.0578794
0.0581999
0.0539566
0.0529976
0.0578324
0.057224
0.0570887
0.0577983
0.0534866
0.059291
0.0543505
0.0533054
0.0525974
0.050382
0.0482457
0.0527951
0.05139
0.0522709
0.0503056
0.0512484
0.0534404
0.0556656
0.050376
0.0554463
0.0541124
0.0503253
0.0510886
0.0542923
0.0515029
0.0522143
0.0503192
0.0547665
0.0557619
0.0526337
0.0509655
0.0520519
0.0508753
0.05117
0.0534287
0.0477815
0.0548919
0.0493586
0.0511216
0.052745
0.0530598
0.0491449
0.053337
0.0480668
0.0504536
0.0516735
0.0508802
0.048073
0.0540022
0.0481242
0.0488799
0.0509724
0.0504473
0.0494685
0.0484541
0.0479249
0.0498548
0.0485462
0.0499675
0.0463348
0.0479217
0.0510605
0.0469126
0.0551988
0.0492564
0.0502334
0.0492901
0.04781
0.0466865
0.04952
0.0419379
0.0405916
0.0450438
0.0469228
0.0483824
0.0480868
0.0508369
0.0482413
0.0509921
0.0431966
0.0486368
0.0456465
0.0497891
0.0393473
0.0454731
0.0424508
0.0494992
0.0461347
0.0439866
0.041058
0.0429479
0.0422621
0.0491906
0.0430661
0.0448585
0.045434
0.0478426
0.0451861
0.0495833
0.0470079
0.0476321
0.0431813
0.0424244
0.0443683
0.0485912
0.0440572
0.0434488
0.043985
0.047586
0.0434826
0.0426172
0.0519095
0.0454006
0.0469863
0.0414451
0.0433098
0.0433322
0.0425934
0.0426695
0.0417519
0.043262
0.0469158
0.0453034
0.0425571
0.0480599
0.0446925
0.0431847
0.0464869
0.0463039
0.0456422
0.0449797
0.0457334
0.0439067
0.0448372
0.0429323
0.0460397
0.0443113
0.0420151
0.0452166
0.0440692
0.0451642
0.0476207
0.043349
0.0445364
0.0456012
0.0430607
0.0445481
0.0441676
0.0446066
0.0397385
0.0422168
0.043673
0.0446427
0.0433752
0.0429158
0.043392
0.0405056
0.0447156
0.0440167
0.0424868
0.0404465
0.0433912
0.0421131
0.0430015
0.0375945
0.0423938
0.0403596
0.0414748
0.043847
0.0429483
0.0415414
0.043466
0.0425859
0.0410378
0.0429266
0.0431203
0.0454355
0.04035
0.0434723
0.0415106
0.0369737
0.0438129
0.0383238
0.0413343
0.0425302
0.0400527
0.0417236
0.0404535
0.0398425
0.0422409
0.0432057
0.0356897
0.0398022
0.0415777
0.0414943
0.0442504
0.0429267
0.0443872
0.0415373
0.0418287
0.0409033
0.0395735
0.0385461
0.0411877
0.0421182
0.0379264
0.0420104
0.040969
0.0418458
0.0401848
0.0411258
0.0431921
0.0426971
0.0383473
0.0429733
0.0388169
0.0359385
0.0442135
0.0410279
0.0397216
0.0417462
0.0399309
0.0402909
0.0451702
0.0397125
0.0387881
0.0418999
0.0384959
0.0375236
0.0406263
0.0426099
0.038548
0.0419589
0.0356534
0.0389106
0.0414625
0.0382749
0.037133
0.0402563
0.0385515
0.039667
0.040069
0.0405186
0.0380941
0.0407577
0.0395976
0.0395595
0.039894
0.0366508
0.0386226
0.039285
0.0392107
0.038673
0.0372667
0.0379763
0.040716
0.0375072
0.0376445
0.0383592
0.0372493
0.0386961
0.0403034
0.0392896
0.0386204
0.0380899
0.0379504
0.0394353
0.0403389
0.0390203
0.0425049
0.0388353
0.0412306
0.0416205
0.0372765
0.0355482
0.0390571
0.0370904
0.0377606
0.0340241
0.0388212
0.0364674
0.0388964
0.0355646
0.0374417
0.0365889
0.0358449
0.0398662
0.0360978
0.03705
0.0395992
0.0373842
0.0401998
0.0382722
0.0417972
0.0395279
0.0356108
0.0384951
0.0369727
0.0370131
0.0383949
0.0336695
0.0341097
0.0395324
0.0406619
0.0387777
0.0375536
0.0387747
0.0353219
0.0405315
0.0347523
0.0366432
0.0359953
0.0367157
0.0366909
0.0370567
0.035751
0.0353181
0.0390563
0.0374227
0.0336538
0.0372349
0.03653
0.034765
0.0360842
0.0369854
0.0370746
0.0368906
0.0370852
0.0357922
0.035141
0.0347428
0.0380164
0.0356829
0.0362505
0.0348719
0.0354007
0.0364166
0.0386363
0.0353563
0.0384726
0.0349893
0.0367449
0.0363673
0.0337097
0.035377
0.0347451
0.0355184
0.0349989
0.0351475
0.0368768
0.0349099
0.0374207
0.0365285
0.0353108
0.0383284
0.0370894
0.0350842
0.0380761
0.0384937
0.0309679
0.0370027
0.0366376
0.0355832
0.035635
0.0357107
0.0354402
0.038478
0.035959
0.0343025
0.0337127
0.0353494
0.036874
0.0347331
0.0350307
0.030859
0.0355017
0.0347681
0.0361187
0.035187
0.0346109
0.0337234
0.0338482
0.0360175
0.0334831
0.035939
0.0332144
0.0339433
0.0351762
0.033962
0.0338316
0.0340351
0.0342378
0.0333891
0.0357986
0.0364997
0.0342325
0.0342638
0.0337834
0.0372098
0.0353975
0.0332314
0.0306629
0.034835
0.0317779
0.0347269
0.0343553
0.0343838
0.0360569
0.035541
0.030658
0.0340855
0.033383
0.0326753
0.0326486
0.0351403
0.0351299
0.032504
0.0321224
0.0357969
0.03475
0.0332783
0.032758
0.0321107
0.0335739
0.0339745
0.0342839
0.0307551
0.0334292
0.0317928
0.0345898
0.0358173
0.0332345
0.0338117
0.0339634
0.034381
0.0343052
0.031664
0.0339581
0.0344144
0.034792
0.0299404
0.0305366
0.0330157
0.0279441
0.0353623
0.0306334
0.0309216
0.0303851
0.0331348
0.0362983
0.0317027
0.0331476
0.0305156
0.0323775
0.0333758
0.0309619
0.0312724
0.0346113
0.0300419
0.0316188
0.0307819
0.0317111
0.032388
0.030018
0.0320115
0.0303283
0.0346916
0.0340075
0.0340074
0.0324471
0.0326532
0.0330969
0.0344383
0.0313444
0.032628
0.0311938
0.0324517
0.0323708
0.0327314
0.0296142
0.0303224
0.0335261
0.0317081
0.0327635
0.0289017
0.032264
0.0344096
0.0293164
0.0319176
0.0302168
0.0309788
0.0301031
0.0293764
0.0295912
0.0294823
0.0332854
0.0321585
0.033279
0.0311273
0.0312593
0.0336751
0.032377
0.032801
0.0286827
0.0315707
0.0316267
0.0298413
0.0298901
0.0295346
0.0318932
0.0293953
0.03177
0.0335612
0.0300154
0.0292651
0.03389
0.035095
0.0307689
0.0326562
0.0316422
0.0324657
0.0290808
0.0295769
0.0316996
0.0302805
0.0285565
0.0309219
0.0305736
0.0307601
0.032687
0.031117
0.0294134
0.031058
0.0312051
0.0319036
0.0318494
0.0293743
0.0293101
0.0301388
0.0282309
0.0299099
0.0299328
0.0285694
0.028086
0.0300907
0.0311248
0.0295275
0.0303838
0.0310938
0.0294709
0.0299643
0.0307155
0.0310562
0.0299412
0.0324734
0.0316366
0.031129
0.0305812
0.0285324
0.0298774
0.0286436
0.0283942
0.029451
0.0300177
0.0269518
0.0303659
0.027843
0.028119
0.0293497
0.0303924
0.0294623
0.027465
0.0285633
0.0248845
0.0279266
0.0284571
0.0286915
0.0293884
0.0273738
0.0284258
0.0265344
0.0269041
0.0293102
0.0270442
0.0294754
0.0285606
0.0290228
0.0285873
0.0273769
0.0273319
0.0284812
0.028292
0.0300694
0.0296246
0.0286861
0.027712
0.0290714
0.0285089
0.0287449
0.0290063
0.0298897
0.0290204
0.0279569
0.0262052
0.0276286
0.0284554
0.028938
0.0266409
0.0282153
0.0284037
0.0254937
0.0281383
0.0306404
0.0278839
0.0272167
0.0286188
0.0280305
0.028936
0.0280106
0.0279923
0.0270009
0.0281697
0.0277476
0.0253495
0.0275625
0.0310312
0.0281978
0.0301516
0.0238184
0.0277372
0.0274811
0.0271763
0.0277164
0.0292618
0.0282858
0.0269898
0.0282595
0.0270118
0.0288751
0.025559
0.0297146
0.0264056
0.0268438
0.0275968
0.0260567
0.0273483
0.0264327
0.0238034
0.0268572
0.0266793
0.0276338
0.0260223
0.0269092
0.0271162
0.0262013
0.0280148
0.025739
0.024536
0.0280433
0.0270009
0.0255689
0.0256919
0.0286971
0.0285751
0.0277883
0.0288518
0.0271589
0.0258171
0.028122
0.0263066
0.0273178
0.0256033
0.0285555
0.0294594
0.025105
0.0256363
0.0230029
0.0274154
0.0251372
0.0254801
0.0281385
0.0264164
0.0269859
0.0261983
0.0263406
0.0297942
0.0256694
0.0273299
0.0261112
0.02717
0.0247648
0.025068
0.027747
0.0272273
0.0278437
0.0281145
0.0279443
0.0263609
0.0279266
0.0281118
0.0262834
0.0250645
0.0249909
0.0250157
0.0268266
0.0259749
0.0239888
0.0246362
0.0230461
0.0262705
0.0243316
0.025837
0.0271324
0.0250617
0.0263636
0.0253944
0.0245492
0.0241308
0.0259257
0.0241183
0.0243354
0.0243143
0.0225165
0.0258181
0.0262616
0.0248315
0.0242505
0.0253913
0.0232708
0.0249728
0.0247085
0.0255138
0.0257217
0.0257895
0.0257007
0.0223552
0.0248826
0.0245447
0.0252029
0.0260544
0.0249167
0.0268301
0.0260382
0.0254186
0.0264316
0.0246971
0.0239317
0.0257743
0.0254058
0.0255038
0.0236096
0.0241035
0.0247117
0.0252183
0.0241934
0.0219553
0.0247061
0.0244064
0.0250806
0.0225119
0.0243414
0.0241911
0.0254931
0.0225107
0.0246471
0.0228935
0.0224021
0.0242246
0.022786
0.0239333
0.0247266
0.024527
0.0244547
0.0260328
0.0248992
0.0243983
0.0254619
0.0248698
0.0229378
0.022864
0.0244912
0.0251441
0.0247354
0.0240839
0.0209932
0.0240965
0.0250632
0.0242575
0.0252038
0.0244663
0.0248465
0.0243506
0.0223043
0.023366
0.0247178
0.0218749
0.0228748
0.0233776
0.0232755
0.0230864
0.0254913
0.0247878
0.0210022
0.0245842
0.0229623
0.0236707
0.0242735
0.0238768
0.0239274
0.0246088
0.0214914
0.0233253
0.0233391
0.0243765
0.0213096
0.0229158
0.0236628
0.0246478
0.0247489
0.0217188
0.024795
0.0225823
0.0232244
0.0234361
0.0208692
0.0220121
0.0231571
0.0217083
0.0228323
0.0246988
0.0227035
0.0233735
0.0217638
0.0243098
0.0211243
0.0224615
0.0228591
0.023062
0.021059
0.0220345
0.023097
0.0227823
0.022878
0.0233481
0.0223713
0.0236881
0.0234088
0.0220758
0.0231457
0.02292
0.0228051
0.0207664
0.0216578
0.020627
0.0238198
0.0211958
0.0233676
0.0227931
0.0223183
0.0230206
0.0217736
0.0223048
0.0229048
0.023621
0.0216599
0.0205189
0.0238915
0.0222627
0.0224375
0.0215085
0.0210303
0.0227564
0.0211063
0.0217281
0.0188276
0.0219419
0.0212072
0.0195113
0.0214707
0.0211021
0.0229498
0.0214974
0.0211657
0.0221408
0.0232711
0.0210288
0.020729
0.0222701
0.0218449
0.0208423
0.0219188
0.0221062
0.0221641
0.0207144
0.0225264
0.022109
0.0214318
0.0229378
0.0210269
0.0226934
0.0209638
0.0220604
0.0226783
0.0217513
0.0221888
0.0214309
0.0215728
0.019787
0.0215
0.0208287
0.022132
0.0206163
0.0220007
0.0205837
0.0211452
0.0219988
0.0199754
0.0200615
0.0204208
0.0224066
0.0219048
0.0215674
0.0228013
0.0197428
0.0199777
0.0218189
0.0214555
0.0211475
0.0211509
0.0218619
0.0213981
0.0219627
0.0197666
0.0215325
0.0193719
0.0200825
0.0190312
0.0212718
0.0211761
0.019421
0.0192162
0.0206025
0.0209434
0.0203676
0.0204812
0.0216434
0.0192956
0.020656
0.0211348
0.0204316
0.0205864
0.0218293
0.0200399
0.0204716
0.0197243
0.021811
0.0191388
0.020604
0.021667
0.0191131
0.020449
0.0206074
0.0179942
0.0198846
0.0189522
0.019479
0.0205389
0.0196916
0.0198833
0.0192863
0.0209742
0.0196057
0.0199331
0.0218292
0.0198771
0.0198127
0.0204518
0.0205121
0.020044
0.0208237
0.0212003
0.0215904
0.0204102
0.0216827
0.0208352
0.0185894
0.0214923
0.0194499
0.0183452
0.0206709
0.0208148
0.0203343
0.0187234
0.0193096
0.0198971
0.0203943
0.0192409
0.0196432
0.0191942
0.0203789
0.0203889
0.0189532
0.0176493
0.019253
0.0214638
0.0217242
0.0198101
0.0206878
0.0190011
0.0194202
0.0212357
0.0206539
0.0192472
0.0197862
0.0197566
0.0196108
0.0180156
0.0187326
0.0202405
0.0187864
0.0193751
0.0178215
0.018944
0.0200911
0.0192878
0.017235
0.0187775
0.0197322
0.0200968
0.0192727
0.0201279
0.0195042
0.0187784
0.0192957
0.018926
0.0196097
0.0193314
0.0197196
0.0193001
0.0208615
0.0197802
0.0199895
0.0179162
0.0185801
0.0187322
0.0185666
0.0190039
0.0192867
0.0201278
0.0190346
0.0183477
0.0179478
0.0189475
0.0188974
0.0174326
0.0190291
0.0182531
0.018556
0.0181523
0.0189249
0.0193178
0.0200634
0.0190332
0.0181229
0.0194479
0.0188299
0.0176072
0.0192065
0.0186455
0.0180813
0.018155
0.0188973
0.0187897
0.0199755
0.0194471
0.0181585
0.019831
0.0184176
0.0191521
0.0190276
0.0190388
0.0183356
0.0184318
0.0178737
0.0174243
0.0185827
0.0191313
0.0188471
0.0176237
0.0203727
0.0175065
0.0183018
0.0183901
0.0194853
0.0189359
0.0187343
0.0192458
0.0179026
0.0176217
0.019112
0.0180053
0.0188941
0.0194101
0.0169253
0.0192699
0.0188957
0.0182653
0.017906
0.0181591
0.0184528
0.0175156
0.0178382
0.0173506
0.0168115
0.0179627
0.0173165
0.0167246
0.0174306
0.019422
0.0186185
0.0190037
0.0202517
0.0191774
0.0199279
0.0166812
0.0192437
0.0185671
0.0172352
0.0164612
0.0176419
0.0179092
0.0182578
0.0177961
0.0172615
0.016389
0.0176034
0.0168202
0.0183005
0.0178437
0.0177565
0.0168347
0.0168478
0.0177067
0.0180572
0.01778
0.0172564
0.0181117
0.0167712
0.0180085
0.0163021
0.0174744
0.0177439
0.017959
0.0161278
0.0168752
0.0170517
0.0163707
0.0170712
0.0170745
0.0178098
0.0168506
0.0174889
0.019047
0.0181396
0.0174789
0.0180325
0.0178666
0.016864
0.0171928
0.016854
0.0187561
0.0169876
0.01719
0.0173142
0.0165047
0.016636
0.0167227
0.017829
0.0163165
0.0170769
0.0169464
0.0168469
0.0173869
0.0167186
0.0169212
0.0175967
0.0168668
0.0170893
0.0172756
0.016315
0.017821
0.0183139
0.017006
0.0165702
0.0166234
0.0167891
0.0175198
0.0182435
0.0176245
0.0171479
0.0161503
0.0157776
0.0178266
0.0158837
0.0178235
0.0173453
0.016496
0.0173956
0.016081
0.0171703
0.0160892
0.0180189
0.0172666
0.0170072
0.0172843
0.016645
0.017239
0.0174583
0.0176284
0.0158956
0.0161991
0.0175245
0.0166214
0.0172792
0.0172975
0.0163715
0.0159157
0.0163972
0.0161121
0.0163859
0.0170736
0.0170716
0.0155732
0.01655
0.0168354
0.016835
0.0179311
0.0167096
0.0168077
0.0169717
0.0161107
0.0163273
0.0183469
0.0170632
0.0158673
0.0150683
0.0163216
0.0162412
0.0159842
0.016311
0.0158583
0.0166431
0.0164253
0.016283
0.0166227
0.0166816
0.0157333
0.0164092
0.0155893
0.016838
0.0155978
0.0162825
0.0162535
0.0152155
0.0161017
0.0158748
0.0159681
0.0165395
0.0164223
0.0164447
0.0174154
0.0157571
0.015196
0.0172237
0.0170813
0.0157923
0.0158585
0.015948
0.017046
0.0165165
0.0160345
0.015975
0.0152414
0.0161612
0.0161498
0.0170188
0.0160216
0.0151025
0.0166461
0.0160262
0.0161511
0.0160705
0.0159135
0.0149388
0.0160733
0.0164414
0.0155657
0.0164478
0.0159344
0.0159463
0.0160157
0.0166154
0.0162875
0.0144525
0.0163399
0.0156885
0.0158457
0.0152946
0.0153087
0.0160383
0.0154658
0.0157572
0.0158272
0.0157524
0.016954
0.0154895
0.0165012
0.0159166
0.0155849
0.0155943
0.014324
0.0149697
0.0154534
0.0162417
0.0165876
0.0159311
0.0157054
0.0145349
0.0159477
0.0148874
0.0158028
0.01589
0.0150121
0.016117
0.0153144
0.0151313
0.0146246
0.0155981
0.0161189
0.0156844
0.0150306
0.0149557
0.0156428
0.0161663
0.0157343
0.0156822
0.0152976
0.0158306
0.0159235
0.0151369
0.0148969
0.0152092
0.0142352
0.0153263
0.0162473
0.0148212
0.0161268
0.0143837
0.0146257
0.0150657
0.0139765
0.0152459
0.0155978
0.0158159
0.014506
0.0156251
0.0153121
0.014913
0.015966
0.0159847
0.0151744
0.0142762
0.0142778
0.013536
0.0146281
0.0147759
0.0149837
0.0150939
0.0147941
0.0155926
0.0146785
0.0151851
0.0150772
0.0152238
0.0154385
0.0145885
0.014569
0.0144397
0.0149358
0.0156466
0.0148247
0.0155158
0.0138808
0.0149507
0.0160695
0.0143704
0.0153578
0.0137726
0.0154833
0.0152013
0.0139051
0.0139248
0.0146775
0.0145154
0.0149192
0.014768
0.0145945
0.0137511
0.0148508
0.0147024
0.0137768
0.0140746
0.0155935
0.0143307
0.015668
0.0145763
0.0141967
0.0140599
0.0143072
0.0139947
0.0146477
0.0142199
0.0146862
0.0145245
0.0146648
0.0143722
0.0138757
0.0150157
0.0142234
0.014124
0.0152897
0.0145542
0.0146432
0.0139404
0.0144937
0.0145282
0.0141171
0.0144103
0.0139914
0.013866
0.0141474
0.0134396
0.0142817
0.0141033
0.0137532
0.0147849
0.0138815
0.013365
0.0152375
0.0147163
0.015328
0.0148723
0.0149611
0.0141349
0.0140018
0.0134212
0.0144972
0.0140844
0.0144669
0.0147369
0.0138993
0.0138142
0.0143391
0.0140452
0.014187
0.0141591
0.0137284
0.0143349
0.0140857
0.0140585
0.0136233
0.0147446
0.0141882
0.012793
0.0140342
0.013449
0.0131982
0.0139002
0.0136529
0.013384
0.0136867
0.0138853
0.0141729
0.013842
0.0140258
0.0136356
0.0132658
0.0141524
0.0137492
0.0144224
0.0143667
0.0143282
0.0133624
0.0129868
0.0133852
0.0127861
0.0134439
0.0139424
0.0141831
0.0142631
0.0132963
0.0135123
0.0125657
0.0141649
0.0140606
0.0135378
0.0132102
0.0135647
0.01314
0.0132046
0.0144617
0.0142604
0.0130801
0.0139728
0.0141373
0.0128776
0.0137949
0.0137454
0.0138577
0.0130293
0.0137513
0.0134122
0.0136579
0.0134386
0.0128084
0.0134447
0.0131135
0.0133414
0.0135353
0.0134864
0.0137627
0.0134484
0.0132758
0.0136831
0.0132101
0.0128523
0.0131999
0.0140187
0.0130365
0.0137786
0.0131396
0.01381
0.0139727
0.0136374
0.0130318
0.0137838
0.0139206
0.0133281
0.0134562
0.0134656
0.0138875
0.0132627
0.0133671
0.0132674
0.0134985
0.0128249
0.0119326
0.0134648
0.0138283
0.0131517
0.0134571
0.0132709
0.0128252
0.0136649
0.0132057
0.0127426
0.01265
0.0126772
0.0131039
0.0125863
0.0131604
0.0135472
0.0130395
0.0124032
0.0121408
0.0128564
0.0124228
0.0129376
0.0130964
0.0124428
0.0125155
0.0133254
0.0131712
0.0124452
0.012994
0.012085
0.0131105
0.0133256
0.0127198
0.0124468
0.0123883
0.0129668
0.013232
0.0129777
0.0129863
0.012363
0.0121762
0.0126198
0.0129509
0.0122585
0.0127738
0.0126611
0.0124653
0.0128024
0.0127165
0.0130938
0.0123616
0.0121945
0.0123641
0.0127319
0.0127549
0.0125313
0.0127808
0.012199
0.0119601
0.0120906
0.0130417
0.0131402
0.0126207
0.0125875
0.0123832
0.0126031
0.0122262
0.0128028
0.0112092
0.0122729
0.0122017
0.0127079
0.01248
0.0119889
0.012624
0.012384
0.0120541
0.0121641
0.0122588
0.013282
0.0124695
0.0119988
0.0125403
0.0127303
0.0126392
0.0121553
0.0126059
0.0127784
0.0121175
0.0126739
0.0125271
0.0122912
0.0120438
0.0127754
0.0123818
0.0124628
0.012479
0.0117313
0.0125952
0.0123604
0.0128131
0.0123277
0.0126324
0.0120551
0.011964
0.0115031
0.0119339
0.0119155
0.0122138
0.0119061
0.0115982
0.0124351
0.0122932
0.0127931
0.0121536
0.0124151
0.0120534
0.0121058
0.0127289
0.0123131
0.0122543
0.0117687
0.0123102
0.0116589
0.0125311
0.0118868
0.0112703
0.0121231
0.0115916
0.0120192
0.0112601
0.0117944
0.0120845
0.0121515
0.0118579
0.0121006
0.0116196
0.0125488
0.012132
0.0118078
0.0111933
0.0121213
0.0125555
0.0120404
0.0118018
0.0115111
0.011228
0.0114297
0.0112049
0.011896
0.0117429
0.0124523
0.0116218
0.0120942
0.012328
0.0120286
0.0123868
0.0117226
0.0121513
0.0108234
0.0107543
0.0116133
0.0110441
0.0113877
0.010528
0.0104982
0.0107902
0.0113104
0.0118635
0.0120504
0.0117378
0.0110503
0.0114355
0.011188
0.0112597
0.0111897
0.011788
0.011532
0.0109808
0.0112517
0.0115035
0.0110233
0.0114149
0.0109833
0.0114117
0.0116309
0.0114128
0.0116954
0.0119092
0.0118767
0.0112526
0.0118548
0.0115895
0.0112762
0.0116449
0.011386
0.0110472
0.0116798
0.0113117
0.0113869
0.010706
0.0110542
0.012186
0.0106271
0.0105548
0.0116493
0.0117539
0.0115478
0.0112129
0.0115988
0.011019
0.0111295
0.0110555
0.011225
0.011094
0.0114914
0.0109133
0.0107145
0.0114666
0.0111906
0.011686
0.0108621
0.0114391
0.0110919
0.0114513
0.0110885
0.0105588
0.0111176
0.0113655
0.0107553
0.0113097
0.011446
0.0112492
0.011394
0.0112472
0.0111051
0.0112293
0.010902
0.0109849
0.0109588
0.011421
0.0113436
0.0110706
0.0111264
0.0110613
0.0105517
0.010742
0.011655
0.0110589
0.0104528
0.0103381
0.0107324
0.0107847
0.00987039
0.0107443
0.0105876
0.0106559
0.010786
0.0109658
0.0101277
0.0107987
0.0109782
0.0102494
0.00990893
0.0109676
0.0105698
0.0100477
0.0110424
0.010969
0.0110848
0.0103964
0.0109189
0.0108032
0.0101963
0.0104067
0.0107964
0.0106049
0.0102636
0.0108534
0.0109509
0.0109566
0.0109951
0.0104677
0.0104379
0.0106652
0.0106822
0.0101568
0.0106642
0.0108189
0.0105698
0.0107898
0.0101264
0.0106842
0.0106799
0.0108364
0.0111255
0.0109503
0.0100509
0.0106281
0.0108664
0.0103008
0.0106867
0.0110773
0.0107133
0.00992586
0.0101851
0.0103997
0.0107978
0.0104084
0.0104899
0.0109471
0.00965862
0.0102203
0.0104904
0.0101544
0.0107792
0.0108519
