4.04716e-14
2.55562e-13
4.23701e-13
3.9528e-13
3.12632e-13
7.02e-13
8.0227e-13
9.14931e-13
1.25246e-12
3.0871e-12
3.22612e-12
1.1293e-11
6.20409e-12
9.19762e-12
9.86234e-12
2.20208e-11
7.94408e-11
3.08535e-11
8.58863e-11
1.66417e-10
1.84516e-10
5.4386e-10
6.26227e-10
1.98207e-10
3.24869e-10
2.79967e-10
1.11611e-09
2.137e-09
2.75408e-09
4.36385e-09
6.29721e-09
8.98553e-09
9.55742e-09
1.0234e-08
1.14117e-08
8.14661e-09
9.95531e-09
1.57391e-08
1.99355e-08
1.38474e-08
1.89776e-08
1.01493e-08
1.84081e-08
2.71808e-07
1.55688e-06
4.20772e-06
1.97774e-06
2.63872e-06
2.01746e-06
1.47685e-06
1.28536e-06
4.081e-06
8.48178e-06
3.60995e-05
2.77354e-05
0.000530846
0.000641732
0.00225464
0.00217106
0.00128004
0.00164635
0.00070583
0.00489326
0.00297045
0.00173695
0.00390019
0.0074845
0.00227921
0.00064612
0.00146398
0.000345881
0.000124765
0.000112586
0.00036297
0.000344368
0.000135711
0.00454108
0.00166235
8.55405e-05
6.34694e-05
0.000770064
0.00211785
0.00428366
0.0013092
0.00187405
0.000207092
8.76655e-05
0.000993007
0.00449018
0.00397573
0.0019253
0.00228817
0.000596833
0.000896481
0.0010098
0.00198998
0.00110249
0.00127019
0.00410126
0.00524263
0.00500547
0.00170428
0.00488317
0.00461582
0.00385499
0.00305244
0.00254898
0.00210914
0.00146258
0.000903764
0.000436568
0.000654359
0.00164142
0.00223167
0.00459113
0.00926004
0.0131661
0.0161001
0.0171731
0.0215559
0.0266311
0.0235439
0.0246919
0.0302889
0.0391316
0.0351888
0.0474835
0.0492253
0.0550526
0.0230774
0.0556287
0.0244837
0.0523957
0.0330507
0.0763406
0.0604218
0.0953832
0.0598016
0.0211585
0.0238964
0.0131929
0.0368726
0.0251675
0.0621656
0.102208
0.158893
0.221018
0.0970608
0.0379089
0.0318621
0.0204837
0.0428957
0.0338132
0.0417138
0.0440199
0.0347591
0.036123
0.0327195
0.0107768
0.0257282
0.0665582
0.0803071
0.0841197
0.0854188
0.135226
0.105267
0.0900653
0.110128
0.0989246
0.0955509
0.0979592
0.0935127
0.03771
0.0474557
0.0463128
0.0508073
0.0582063
0.0745066
0.0604728
0.0504135
0.0439965
0.044995
0.0579207
0.0508356
0.0619418
0.0712621
0.0640087
0.0630781
0.062135
0.0713321
0.065645
0.0532536
0.0336659
0.0157526
0.00452887
0.0242324
0.0389027
0.042929
0.0512713
0.0648368
0.0723086
0.0896035
0.110841
0.135926
0.131756
0.1595
0.198744
0.0966104
0.0646262
0.0533043
0.0543619
0.0531413
0.0672522
0.0739969
0.0884627
0.111837
0.134199
0.124646
0.124553
0.154454
0.191471
0.239758
0.276121
0.279096
0.223968
0.24481
0.34818
0.284785
0.258881
0.269494
0.222776
0.195727
0.155689
0.162078
0.147829
0.134236
0.141616
0.141885
0.16813
0.159213
0.178574
0.201161
0.172409
0.185027
0.190384
0.241438
0.283581
0.381943
0.45135
0.485194
0.620236
0.978085
0.650801
0.366794
0.199239
0.285661
0.155833
0.213515
0.255362
0.299474
0.300116
0.42302
0.668715
0.690482
1.02366
1.37843
1.42258
1.06957
1.20035
0.922381
0.671206
0.757755
0.481614
0.583835
0.774371
0.682588
0.926543
1.24242
1.27776
0.889475
1.08329
0.604372
0.20246
0.181202
0.153667
0.404987
0.799444
0.756839
0.982834
0.914759
1.44972
1.18934
1.45297
1.72225
2.10025
1.58616
1.76525
2.00231
2.04889
2.1727
2.22848
2.67307
2.57025
3.11444
3.89832
4.26731
5.10771
5.41839
4.17232
2.919
3.94714
4.8758
5.0044
4.77968
3.92525
4.31218
4.26998
4.06503
4.16057
3.95817
4.36591
2.6876
1.70297
1.79957
2.12514
1.94306
1.73212
2.2828
2.37252
1.82512
2.19976
2.06756
1.94314
1.79245
1.89392
2.16571
2.5712
2.80166
3.15182
4.12998
4.23069
5.02017
4.77274
3.13752
3.65452
4.4632
4.37325
4.17674
4.84027
5.60048
5.83651
5.77014
6.21192
6.70372
7.16128
7.62482
7.87719
8.28512
8.59123
9.00022
6.91564
6.27704
6.28226
6.09046
5.50944
5.74366
6.11522
6.16985
6.26291
6.62033
6.87294
6.84537
7.26603
7.7376
8.01767
7.89816
8.22389
8.15764
8.59642
8.14906
8.84137
8.09917
8.7151
8.3501
9.14399
8.21209
7.30688
8.21129
7.93444
8.44935
8.06098
8.02865
8.70922
9.06953
7.85636
5.18006
6.68626
7.48372
6.9987
6.8629
6.9268
7.04316
6.12177
7.31109
7.54608
7.48149
7.73903
7.51995
7.64176
7.84428
8.0058
8.53419
7.07874
6.92511
7.46704
8.0517
7.79045
8.07016
8.48931
8.35533
8.69785
8.59583
9.49625
8.22093
9.18796
8.4837
9.46222
9.32909
9.1274
9.30528
9.14627
9.76929
9.06965
9.18799
9.68189
9.77398
9.37655
9.82087
10.2896
10.088
9.69034
10.5542
9.67108
10.4894
10.2178
9.82291
10.344
9.77748
9.52006
9.94283
9.45411
8.83715
8.14322
8.51769
8.49353
8.59859
9.02212
8.88424
8.93866
8.67883
8.90372
9.3791
9.25985
9.50793
9.12336
9.43019
9.07907
8.86148
6.94859
6.70907
6.87026
8.91889
9.27146
9.56808
9.98425
9.77785
9.54374
9.76312
9.71519
9.58071
9.16696
9.56788
9.61518
9.42715
6.49529
9.55153
9.33255
8.66935
5.18217
8.7654
9.18824
9.06672
9.48831
9.39679
9.03819
9.6713
9.6402
9.14811
8.61132
9.18061
9.31874
9.52883
9.77654
9.57001
9.61842
9.46919
9.81086
9.90218
10.0408
9.8496
9.80391
9.95409
10.147
10.1337
10.0687
10.0452
9.99892
9.9964
10.1177
9.7621
8.81492
7.58485
9.44818
9.49673
9.50752
8.19461
8.5027
9.41286
9.4806
9.45934
9.63555
9.43641
9.63754
9.47435
9.58794
9.78542
9.64706
9.72867
9.81295
9.85107
9.68219
9.50558
9.42503
9.68982
9.23858
9.52737
9.76078
9.6079
9.76608
9.7343
9.7921
9.86353
9.87694
9.62329
9.55207
9.46436
8.76816
8.96348
9.56816
9.53306
9.36259
9.3747
9.06052
8.84422
8.62448
7.43765
7.42465
5.31219
5.54499
6.10815
5.9055
5.52105
5.7313
5.16017
5.84503
5.2841
5.33921
5.26405
5.27913
5.43114
4.85407
5.56341
5.41699
5.37211
5.29648
5.16679
5.27665
5.53044
5.58958
5.75327
5.6716
5.40886
5.54408
5.47177
5.57929
4.92933
5.02493
5.08769
4.79357
4.80389
4.88503
4.93951
5.21551
4.54742
4.63086
4.30527
4.74097
4.55752
4.0142
4.40566
4.38089
4.21753
4.10362
4.25743
4.17938
4.37826
4.05102
4.59961
4.36851
4.42573
4.18919
4.69471
4.40174
4.308
4.61323
4.68137
4.49283
4.84924
4.57174
4.88635
4.61397
4.38286
4.80282
4.49047
4.2388
4.63127
4.57502
4.38168
4.55125
4.66506
4.42566
4.82839
4.59679
4.7154
4.57469
4.83532
4.53156
4.71272
4.89708
4.80298
4.50056
5.00986
4.93255
4.89227
4.97757
5.07919
4.77655
5.30464
4.40985
5.03412
5.40181
5.25719
4.85189
5.18542
5.3745
5.0321
5.28917
5.34533
5.24774
5.3999
5.28044
5.19267
5.69114
5.26886
5.56612
5.44018
5.69213
5.48229
5.3884
5.57285
5.63294
5.79294
5.38759
5.99649
5.70617
5.83022
5.8728
5.90429
5.89703
5.91791
5.97431
5.97205
6.09012
6.10412
6.02031
6.12636
6.15939
6.28959
6.19803
6.2232
6.2229
6.33841
6.23949
6.37379
6.37293
6.28814
6.3738
6.28595
6.59281
6.22592
6.36449
6.54977
6.4078
6.57763
6.58027
6.49439
6.62021
6.5813
6.62579
6.62854
6.58579
6.65146
6.7308
6.75392
6.67077
6.69224
6.68827
6.80119
6.83087
6.66251
6.67348
6.79801
6.85772
6.69609
6.81898
6.69581
6.79331
6.74761
6.73961
6.82233
6.83183
6.77525
6.78674
6.62117
6.62166
6.63132
6.6194
6.45546
6.34464
6.30443
6.45331
6.26759
6.21387
5.99006
6.12009
5.66838
5.82835
5.55802
5.49517
5.23347
5.67305
5.26203
5.58717
5.07014
5.19198
5.13828
5.22751
4.84114
4.96725
4.93733
4.79552
4.72383
4.72765
4.29341
4.85563
4.28225
4.56554
4.12702
4.09307
4.35219
4.10212
4.12698
4.25635
3.79543
3.85788
4.01592
3.71418
3.61445
3.58421
3.72875
3.45728
3.66834
3.24399
3.2518
3.76253
3.0865
3.31549
3.22481
3.53489
3.22382
2.8381
3.26128
3.01586
3.05445
3.31712
2.74495
3.10873
3.31741
3.09286
2.80728
2.688
3.46471
3.06585
2.76563
3.22781
2.94758
2.82701
2.95119
2.93167
2.81541
2.96961
2.55288
2.68803
2.35552
2.46496
2.97055
2.48089
2.74336
2.08845
2.20364
2.23868
2.46857
2.40407
2.38276
2.76784
2.68356
2.22909
2.79467
2.40603
2.3951
2.57493
3.01774
2.60189
2.83804
2.68171
2.47666
2.51795
2.67046
2.71017
2.91277
2.77709
2.71174
2.73609
2.86394
2.82284
2.50262
3.00232
2.8405
2.59584
2.8895
2.62121
2.68908
2.80239
2.76622
2.7146
2.20238
2.61747
2.8473
2.81771
2.38111
2.46861
2.65216
2.14064
2.60572
2.55758
2.37981
2.49254
2.43395
2.58575
2.80931
2.35292
2.62003
2.50512
2.59345
2.72512
2.45013
2.45442
2.27672
2.16586
2.26656
2.28038
2.30713
2.37809
2.25544
2.26703
2.13677
2.60353
2.3651
2.25217
2.28533
2.40965
2.42514
2.4464
2.40913
2.2206
2.32124
2.33564
2.38878
2.34708
2.17539
2.53041
2.50324
2.31918
2.22934
2.40739
2.45358
2.42455
2.36033
2.60221
2.35094
2.36942
2.50477
2.27238
2.65589
2.23169
2.61041
2.51127
2.29695
2.623
2.69288
2.41776
2.32521
2.42837
2.66694
2.52876
2.63478
2.42895
2.63418
2.56864
2.63033
2.55052
2.57673
2.63911
2.60617
2.5193
2.74345
2.72312
2.65324
2.67539
2.64105
2.72817
2.76842
2.6938
2.79694
2.64766
2.76958
2.79283
2.87705
2.65387
2.83527
2.81174
2.83712
2.88146
2.76666
2.74954
2.94717
2.85701
2.9224
2.87889
2.87444
2.81807
2.91566
3.02535
2.99447
2.83769
2.89316
2.91118
2.96155
2.98823
2.98222
2.98746
2.92116
2.97323
3.01227
3.11631
2.94122
2.95729
2.99201
2.91912
2.94278
3.05158
2.94075
2.98049
2.97034
3.01013
3.02023
2.93641
3.01922
3.00542
3.04437
2.9637
2.93377
2.82371
2.76319
2.77025
2.95774
3.00919
3.02278
2.96466
2.94228
2.89369
3.00094
3.12778
2.92067
2.91986
3.04101
2.95274
2.88148
2.97721
2.98682
2.97612
2.9332
3.01382
2.95789
2.93872
2.96122
2.96455
2.89872
2.91438
2.97439
2.9144
2.88039
2.86968
2.93256
2.95185
2.792
2.893
2.90783
2.95817
2.79396
2.83104
2.87463
2.83015
2.92757
2.92788
2.80979
2.31874
2.06949
2.22668
2.38112
2.34183
2.44619
2.44138
2.44371
2.43757
2.45937
2.41231
2.4611
2.32976
2.58487
2.32837
1.81292
2.05523
2.141
2.20155
2.00195
2.32708
2.11132
2.15887
2.16999
2.07105
2.25045
2.16348
2.33691
2.26615
2.06936
1.74795
1.89965
2.01419
1.88277
1.99873
2.00674
2.09554
1.89636
2.10047
2.09221
2.11777
2.038
2.03857
1.92498
2.02548
1.6806
1.85637
1.70699
1.87992
1.86004
1.84025
1.87931
1.79976
1.87251
1.73128
1.77632
1.72425
1.71861
1.61045
1.64775
1.58819
1.69523
1.45178
1.57955
1.69841
1.50947
1.57131
1.45183
1.63278
1.36484
1.53424
1.53572
1.20304
1.62912
1.40164
1.35915
1.44611
1.29948
1.3396
1.38251
1.18716
1.19616
1.47853
1.30224
1.09103
1.41354
1.40863
1.18778
1.27597
1.16569
1.1423
1.04576
1.34123
1.13217
1.10163
1.17346
1.34702
1.07922
1.04539
0.972929
1.187
1.25423
1.09695
1.04012
1.14182
1.02005
0.9457
0.963099
1.19147
0.985184
0.976894
0.846148
1.17782
1.00031
1.06679
0.970102
0.886009
0.999711
0.975989
1.05408
1.00663
0.99807
0.819231
0.942368
0.953583
0.895088
0.958979
0.986953
0.869806
1.04322
0.867334
1.00395
0.900402
0.99369
0.834133
0.831647
0.947123
0.869017
0.82507
1.20338
0.888786
0.87802
0.745092
0.924123
0.999429
0.840802
0.99188
0.962208
0.841635
1.01267
0.902103
0.843908
0.89332
0.916476
0.944437
1.01262
0.935752
0.988212
0.81376
1.09195
1.0086
1.00646
0.891004
0.891873
0.987644
0.954652
0.957359
0.917945
1.01587
0.878428
0.952878
0.85933
1.04263
1.06162
0.774943
0.992342
0.885571
0.934974
0.96835
1.0214
0.962456
0.967149
1.05085
1.13121
0.956372
1.10871
0.866323
0.914206
0.950765
0.811262
1.01874
0.955133
0.683779
0.981444
0.891797
0.933865
0.81758
0.833539
0.943509
0.906577
0.754331
0.711562
0.762076
0.942639
0.891806
0.808787
0.780115
0.881179
0.789474
0.751589
0.792655
0.802889
0.772943
0.851438
0.796585
0.759477
0.648356
0.822726
0.710781
0.895429
0.876226
0.796121
0.676353
0.696231
0.694806
0.874216
0.765749
0.819363
0.815567
0.69077
0.801337
0.63371
0.844317
0.82082
0.795765
0.820629
0.683709
0.689402
0.719613
0.68717
0.750727
0.872945
0.749703
0.65967
0.732031
0.771919
0.700391
0.618877
0.686662
0.787766
0.751004
0.797114
0.763939
0.806686
0.718783
0.59134
0.560489
0.820388
0.675396
0.82983
0.726031
0.714816
0.690449
0.640896
0.582901
0.746954
0.659042
0.659084
0.879866
0.765256
0.762958
0.606394
0.592058
0.714107
0.712895
0.706156
0.693136
0.720728
0.697956
0.691504
0.637873
0.534921
0.626844
0.853616
0.708926
0.74308
0.703858
0.687185
0.658378
0.626559
0.554365
0.715754
0.755522
0.739084
0.682672
0.719316
0.678887
0.65969
0.593377
0.588843
0.663266
0.834029
0.750226
0.634981
0.636648
0.712322
0.628242
0.6546
0.481993
0.601513
0.745509
0.703096
0.699127
0.668924
0.572021
0.621864
0.662693
0.618627
0.526766
0.700806
0.701478
0.705537
0.710499
0.708713
0.553556
0.649358
0.622557
0.574301
0.555732
0.735943
0.619438
0.624058
0.66808
0.663727
0.659532
0.599466
0.715849
0.581287
0.54141
0.668084
0.642401
0.645716
0.713695
0.642571
0.68548
0.629896
0.681625
0.579009
0.518318
0.63584
0.670253
0.70677
0.671313
0.664076
0.674853
0.639716
0.605024
0.576952
0.540888
0.568315
0.646226
0.73156
0.69454
0.70116
0.637414
0.596096
0.620437
0.65881
0.580878
0.589231
0.665853
0.634329
0.653444
0.661265
0.716856
0.640791
0.576937
0.630262
0.570426
0.553409
0.579778
0.729718
0.726951
0.627809
0.654373
0.731665
0.569813
0.671862
0.62051
0.596717
0.550713
0.608078
0.664563
0.752239
0.706949
0.588468
0.682625
0.635487
0.598046
0.60814
0.622069
0.595305
0.594421
0.666273
0.726974
0.668747
0.684054
0.637004
0.647198
0.588606
0.600305
0.625772
0.671154
0.638495
0.599279
0.698429
0.670681
0.713098
0.614398
0.594043
0.578316
0.635369
0.720255
0.647909
0.658426
0.62789
0.636396
0.658984
0.618514
0.730236
0.6167
0.602583
0.616229
0.641875
0.665686
0.708033
0.650275
0.632396
0.641806
0.664669
0.632528
0.642537
0.604914
0.609592
0.630699
0.732488
0.665017
0.683319
0.629738
0.695039
0.645588
0.594045
0.68306
0.609154
0.605088
0.614571
0.630039
0.70739
0.700897
0.67904
0.65293
0.642452
0.711526
0.611184
0.658208
0.637684
0.657093
0.64411
0.612711
0.760597
0.644953
0.680292
0.674342
0.65914
0.617777
0.647308
0.630538
0.658091
0.645845
0.669951
0.685238
0.669906
0.715221
0.704257
0.712156
0.685329
0.652811
0.711265
0.64056
0.667964
0.701356
0.630669
0.649684
0.664687
0.599107
0.69811
0.711555
0.630962
0.689613
0.679911
0.635785
0.6239
0.679743
0.644735
0.660667
0.685497
0.677125
0.692648
0.64265
0.688605
0.672546
0.638904
0.648237
0.673911
0.627871
0.69812
0.702803
0.674656
0.722384
0.72327
0.697256
0.706016
0.669279
0.601858
0.669551
0.682601
0.653279
0.670247
0.669292
0.690632
0.714182
0.626056
0.642912
0.688252
0.647004
0.671518
0.688451
0.686779
0.67661
0.663453
0.661061
0.700107
0.655596
0.637653
0.661004
0.703921
0.640007
0.692124
0.674247
0.74322
0.665331
0.683691
0.666855
0.70087
0.614219
0.689361
0.658466
0.712973
0.620669
0.68913
0.659501
0.629584
0.66475
0.607644
0.692694
0.693626
0.683595
0.688748
0.630229
0.697108
0.703089
0.661322
0.67282
0.694816
0.646085
0.643564
0.637114
0.656393
0.693436
0.714535
0.650469
0.704706
0.614334
0.629253
0.679269
0.659263
0.665413
0.722636
0.669702
0.669559
0.738661
0.637013
0.700475
0.670875
0.669733
0.629761
0.660229
0.637331
0.673546
0.669643
0.60037
0.675946
0.701385
0.60197
0.648421
0.730607
0.677274
0.729926
0.665922
0.662882
0.695918
0.688088
0.63604
0.647681
0.624624
0.675537
0.660809
0.631136
0.616179
0.719866
0.680748
0.690168
0.641442
0.630274
0.69468
0.660513
0.604344
0.657259
0.707674
0.667045
0.629965
0.665053
0.650158
0.681568
0.633881
0.639109
0.67059
0.69473
0.637962
0.640719
0.664279
0.651727
0.620268
0.654482
0.678669
0.650425
0.663956
0.641114
0.668202
0.687896
0.647232
0.649445
0.640352
0.655335
0.614713
0.599219
0.688515
0.681881
0.661708
0.68452
0.651352
0.639648
0.594565
0.679687
0.653264
0.628529
0.649289
0.62493
0.700359
0.657248
0.666417
0.626909
0.591233
0.656157
0.622372
0.681455
0.687203
0.655603
0.659443
0.625594
0.619629
0.630893
0.646813
0.621615
0.620726
0.622205
0.626011
0.639763
0.68296
0.667409
0.624767
0.612665
0.622113
0.640374
0.632131
0.652679
0.636037
0.662728
0.651665
0.625788
0.646396
0.621925
0.643819
0.628417
0.623602
0.656575
0.646652
0.660214
0.582087
0.671413
0.672399
0.64761
0.621679
0.636241
0.640052
0.635083
0.659123
0.644008
0.666049
0.658606
0.610595
0.605011
0.604711
0.626728
0.654364
0.606598
0.616744
0.654065
0.649294
0.64982
0.662237
0.632527
0.614988
0.671139
0.651669
0.608586
0.614321
0.631366
0.655818
0.603795
0.618854
0.614024
0.672148
0.659428
0.638403
0.645835
0.633354
0.611153
0.653824
0.629534
0.631933
0.648712
0.622659
0.65241
0.618959
0.63982
0.638296
0.606026
0.612716
0.592283
0.624662
0.637413
0.629128
0.634654
0.630614
0.621636
0.630264
0.601671
0.612994
0.590051
0.623164
0.616282
0.600693
0.629385
0.615727
0.612086
0.648715
0.602085
0.592153
0.589803
0.58873
0.614632
0.631076
0.635903
0.651214
0.615004
0.612623
0.604562
0.591489
0.621869
0.582092
0.616454
0.606076
0.606577
0.602563
0.627627
0.627777
0.59169
0.581141
0.594412
0.557161
0.616364
0.597937
0.575384
0.605061
0.617591
0.588312
0.606965
0.596503
0.585883
0.568851
0.556683
0.60161
0.605224
0.572928
0.601786
0.592513
0.579599
0.59579
0.559256
0.564927
0.593665
0.592775
0.591541
0.553219
0.59581
0.591011
0.562273
0.587611
0.55849
0.555369
0.576014
0.542431
0.581106
0.59241
0.556554
0.539129
0.554315
0.557571
0.550328
0.560315
0.534219
0.562177
0.512886
0.527427
0.540448
0.571301
0.544887
0.547821
0.536566
0.535506
0.552389
0.523278
0.524026
0.515813
0.521564
0.546636
0.512553
0.534156
0.542873
0.552517
0.499154
0.509329
0.515093
0.51557
0.537112
0.501421
0.509853
0.511796
0.477515
0.513648
0.507985
0.499876
0.551018
0.460052
0.509027
0.495636
0.518917
0.488756
0.470773
0.49722
0.519172
0.523018
0.472591
0.460156
0.436773
0.498051
0.493991
0.493005
0.493255
0.499548
0.435318
0.461569
0.452972
0.445631
0.470171
0.44569
0.419351
0.443671
0.459199
0.440056
0.459101
0.435599
0.451495
0.463198
0.424905
0.472191
0.49018
0.423311
0.402347
0.497743
0.432416
0.4374
0.412021
0.448369
0.447362
0.421029
0.4829
0.418684
0.39878
0.395151
0.474784
0.450146
0.39717
0.421034
0.453669
0.419629
0.429043
0.457007
0.40839
0.459414
0.441782
0.371027
0.42726
0.403425
0.385363
0.408585
0.390173
0.425025
0.382524
0.402671
0.410513
0.419157
0.410131
0.431412
0.398836
0.373058
0.368637
0.410176
0.408136
0.398369
0.407738
0.411351
0.393602
0.403845
0.415981
0.355585
0.375864
0.427382
0.380631
0.373212
0.350236
0.381584
0.379048
0.364912
0.35287
0.398246
0.408177
0.360051
0.37532
0.390957
0.386859
0.395061
0.382115
0.365523
0.337509
0.349594
0.360003
0.351974
0.338186
0.336778
0.361548
0.35799
0.341363
0.344136
0.374877
0.353655
0.352938
0.351598
0.356022
0.343753
0.352648
0.330134
0.387748
0.341888
0.335595
0.349367
0.370646
0.352026
0.349332
0.333887
0.320297
0.308489
0.325646
0.334828
0.310835
0.30925
0.304903
0.31004
0.313477
0.324412
0.330525
0.290629
0.303739
0.302759
0.323858
0.285037
0.316905
0.30317
0.30107
0.312065
0.290945
0.279928
0.288063
0.313397
0.27479
0.279941
0.290946
0.284848
0.261776
0.299248
0.267323
0.277284
0.298234
0.264485
0.295406
0.245265
0.283698
0.261618
0.266365
0.283062
0.241203
0.276043
0.240134
0.284737
0.229875
0.282978
0.23396
0.279721
0.227999
0.293755
0.227624
0.258581
0.221737
0.275187
0.20911
0.258968
0.231706
0.252365
0.257302
0.234319
0.259807
0.225565
0.250051
0.218161
0.242611
0.237436
0.22238
0.249341
0.200936
0.245311
0.20953
0.218286
0.251675
0.191101
0.264269
0.203603
0.234796
0.243399
0.195281
0.231173
0.234415
0.206976
0.229946
0.202794
0.224708
0.250673
0.188653
0.234418
0.222162
0.195078
0.232554
0.21027
0.20325
0.216961
0.202035
0.205274
0.241826
0.20279
0.196871
0.229564
0.191152
0.205714
0.235101
0.17861
0.231751
0.225917
0.165605
0.220713
0.205875
0.198697
0.206541
0.210058
0.211677
0.183746
0.195348
0.221785
0.175371
0.198006
0.241313
0.159019
0.209619
0.223964
0.186073
0.218023
0.217569
0.189985
0.176734
0.214988
0.200628
0.167763
0.225592
0.204197
0.185545
0.206171
0.190802
0.215167
0.171697
0.193658
0.188836
0.186845
0.197015
0.189492
0.21685
0.170683
0.190406
0.197283
0.223719
0.155933
0.2024
0.246304
0.163579
0.177653
0.23028
0.21466
0.157578
0.210315
0.230273
0.178184
0.179189
0.22513
0.181161
0.181682
0.180351
0.200817
0.192843
0.194872
0.162114
0.243501
0.170665
0.203312
0.194726
0.196783
0.19474
0.18163
0.1977
0.172409
0.196891
0.190525
0.189247
0.176686
0.202425
0.21764
0.200699
0.169085
0.214865
0.221276
0.19916
0.186734
0.214102
0.201961
0.167419
0.209441
0.198101
0.181845
0.174184
0.203653
0.201243
0.209823
0.185637
0.184383
0.224384
0.194981
0.192983
0.170589
0.212109
0.211689
0.191322
0.153403
0.187214
0.200165
0.20542
0.189774
0.149977
0.201527
0.222499
0.204825
0.161967
0.183648
0.207221
0.201105
0.172708
0.163928
0.205068
0.195013
0.180167
0.185691
0.18858
0.198633
0.171151
0.204906
0.153782
0.200095
0.178711
0.208014
0.179747
0.15618
0.179574
0.178893
0.208135
0.176438
0.159331
0.164979
0.173989
0.180598
0.182527
0.149215
0.165124
0.211574
0.180086
0.171222
0.157554
0.175365
0.232941
0.188563
0.154631
0.14662
0.1941
0.198829
0.176623
0.158055
0.137388
0.192898
0.19304
0.186406
0.181752
0.144062
0.196477
0.18247
0.210445
0.172074
0.143887
0.170755
0.192823
0.170483
0.171061
0.137969
0.182001
0.184657
0.19728
0.182073
0.128334
0.170169
0.177881
0.194374
0.197153
0.1384
0.148182
0.186671
0.194818
0.170515
0.150252
0.127553
0.179121
0.199361
0.18544
0.151784
0.134526
0.174914
0.181693
0.188109
0.153133
0.162302
0.133965
0.184541
0.19001
0.184179
0.147312
0.151179
0.16001
0.180979
0.18901
0.138617
0.173081
0.14164
0.183221
0.173045
0.143026
0.147234
0.180082
0.135847
0.177718
0.140127
0.142644
0.199774
0.162314
0.152657
0.167887
0.137323
0.165786
0.172622
0.132301
0.162087
0.135719
0.142948
0.182662
0.176041
0.141813
0.130308
0.154429
0.1472
0.194103
0.184954
0.138752
0.151545
0.160623
0.168524
0.183698
0.184732
0.126389
0.158979
0.149539
0.150829
0.16978
0.146242
0.131746
0.154749
0.154731
0.168501
0.168399
0.138815
0.152449
0.139592
0.133135
0.139244
0.154669
0.138866
0.160138
0.123459
0.14513
0.15385
0.169448
0.154211
0.161526
0.136505
0.14157
0.145617
0.156321
0.140464
0.176815
0.170205
0.123843
0.15635
0.149513
0.155851
0.155565
0.15535
0.133076
0.148982
0.15229
0.163832
0.176336
0.150624
0.137356
0.121962
0.140677
0.15236
0.148309
0.156616
0.161101
0.121575
0.144662
0.150435
0.163382
0.162346
0.17217
0.150669
0.123091
0.142231
0.125982
0.15068
0.145075
0.165514
0.137208
0.126187
0.159363
0.152455
0.161035
0.124845
0.144729
0.111883
0.15383
0.158885
0.148126
0.147815
0.144903
0.123894
0.110596
0.148266
0.136989
0.168937
0.167492
0.152119
0.134486
0.123848
0.132153
0.144067
0.143315
0.137163
0.139473
0.132606
0.122842
0.142519
0.154758
0.148237
0.144765
0.151738
0.123984
0.131005
0.157333
0.15333
0.148968
0.130003
0.134462
0.125604
0.124711
0.135764
0.149885
0.161576
0.133472
0.13149
0.127325
0.156369
0.133405
0.134831
0.128208
0.1466
0.125605
0.135845
0.149808
0.133537
0.145973
0.140672
0.143789
0.109884
0.124253
0.139826
0.129874
0.134971
0.159362
0.131845
0.122835
0.136315
0.130501
0.158075
0.129332
0.158136
0.147361
0.132155
0.117955
0.138443
0.135901
0.11163
0.119089
0.119762
0.132354
0.12729
0.119866
0.151228
0.137934
0.121926
0.118774
0.130874
0.126952
0.141914
0.149858
0.141279
0.123517
0.126817
0.126587
0.12701
0.143644
0.138494
0.137137
0.11538
0.113088
0.128326
0.135109
0.147317
0.130013
0.13488
0.140571
0.130986
0.137911
0.116094
0.12858
0.123884
0.122257
0.120359
0.107988
0.125324
0.128571
0.130123
0.129847
0.144129
0.128911
0.114924
0.121861
0.12306
0.137342
0.109174
0.144584
0.130181
0.117801
0.120665
0.136739
0.13571
0.130415
0.114971
0.116009
0.115239
0.125957
0.142828
0.143028
0.14039
0.120299
0.118245
0.113685
0.110847
0.120083
0.105957
0.142861
0.115364
0.106206
0.121785
0.110589
0.108853
0.123489
0.111326
0.10923
0.121894
0.127728
0.1091
0.120465
0.12701
0.12184
0.119599
0.135863
0.12373
0.117749
0.120581
0.10736
0.116349
0.126341
0.110768
0.129519
0.105009
0.128686
0.112763
0.113217
0.132812
0.126613
0.119914
0.096908
0.12045
0.122187
0.129342
0.105685
0.11792
0.119181
0.122249
0.113887
0.132683
0.126231
0.122442
0.093089
0.131507
0.138138
0.117735
0.111224
0.112107
0.122849
0.102259
0.110115
0.117037
0.107072
0.10085
0.102081
0.114205
0.11598
0.104121
0.118058
0.11802
0.12531
0.11424
0.115592
0.121675
0.116185
0.0970661
0.0999056
0.104819
0.12275
0.112892
0.105698
0.108617
0.118518
0.106587
0.0962787
0.105877
0.107269
0.119481
0.115331
0.120164
0.0979596
0.100796
0.114692
0.108177
0.0995577
0.111391
0.112469
0.0991677
0.12965
0.13433
0.12253
0.1065
0.0909225
0.11931
0.116128
0.115781
0.121745
0.103992
0.114772
0.0895103
0.106281
0.11109
0.0995219
0.108004
0.105541
0.119474
0.11397
0.100162
0.104849
0.128002
0.109559
0.113605
0.12034
0.10737
0.093008
0.113405
0.101962
0.105449
0.105445
0.0835747
0.115392
0.116462
0.101915
0.104233
0.112286
0.0833575
0.121422
0.121121
0.105459
0.0966426
0.0966802
0.113373
0.103705
0.0991336
0.100707
0.0973996
0.113319
0.0967528
0.102854
0.106197
0.107855
0.0950341
0.117162
0.115096
0.123851
0.0941458
0.0827624
0.0962293
0.104951
0.0946599
0.0989038
0.093502
0.0889682
0.1091
0.0990532
0.0973446
0.116351
0.0923189
0.082674
0.0948096
0.089444
0.108428
0.114279
0.103588
0.105295
0.110105
0.118031
0.100157
0.0974915
0.110058
0.106603
0.121331
0.10556
0.083109
0.0963659
0.0883504
0.102957
0.108053
0.110934
0.0961608
0.089789
0.090931
0.0832584
0.0967907
0.106827
0.100323
0.108483
0.10799
0.0894725
0.0918047
0.102659
0.0979259
0.104349
0.0996662
0.104632
0.102598
0.109225
0.11174
0.0966882
0.104386
0.0886728
0.0975757
0.0823709
0.103393
0.110274
0.0892248
0.0863497
0.0829913
0.0902463
0.0961666
0.102653
0.0848472
0.0957173
0.0936116
0.0958997
0.0913969
0.0872965
0.098784
0.0963747
0.105278
0.0887784
0.100098
0.106826
0.107811
0.0924156
0.101127
0.102533
0.0869823
0.0932032
0.0987281
0.0942481
0.0775674
0.0975643
0.0951218
0.0973494
0.0947173
0.0946379
0.109251
0.111992
0.0856173
0.0755629
0.0990447
0.0830939
0.0935601
0.0851547
0.109872
0.0900567
0.0953969
0.101528
0.0992834
0.0924516
0.103198
0.0886097
0.0967171
0.106541
0.11031
0.0966085
0.0977867
0.0929028
0.0917774
0.082693
0.0856247
0.0939754
0.0924401
0.0908673
0.0950219
0.0734404
0.0872599
0.105571
0.0893715
0.108932
0.0954392
0.0844928
0.103671
0.106159
0.074431
0.0780307
0.0976156
0.112348
0.0871575
0.0870873
0.10489
0.0953422
0.0847241
0.0962381
0.101683
0.0847269
0.0930064
0.0844044
0.0932672
0.0964501
0.108538
0.106487
0.0983513
0.0845501
0.10794
0.0910797
0.104485
0.0963823
0.0912965
0.0864735
0.0999315
0.0927496
0.0782415
0.0964858
0.0992927
0.0933188
0.0833408
0.0699855
0.102103
0.0973531
0.0897909
0.0829632
0.074126
0.0949238
0.0736665
0.086291
0.0766026
0.0886596
0.0887536
0.0936882
0.0948938
0.0846185
0.107976
0.0877212
0.0900862
0.0901141
0.100513
0.0956989
0.0802997
0.0956528
0.088556
0.102373
0.0994402
0.104379
0.0927672
0.0889264
0.0961341
0.108293
0.0916545
0.0794388
0.0929219
0.0812731
0.0841031
0.0961327
0.0961917
0.0862429
0.0900109
0.0719905
0.0706197
0.0864186
0.0983167
0.0830866
0.092567
0.09936
0.101501
0.105381
0.0994815
0.0978131
0.0968737
0.107421
0.102185
0.0911929
0.086536
0.083667
0.0980123
0.0845348
0.0896382
0.0833785
0.0885081
0.0970253
0.079765
0.0818595
0.102567
0.0894822
0.0969502
0.0856247
0.0719396
0.0942663
0.0800375
0.0948678
0.0959366
0.0981502
0.0810357
0.0823018
0.09103
0.0884259
0.0915025
0.0900892
0.0935793
0.0959788
0.0776668
0.0925716
0.0887009
0.0973225
0.0821509
0.0955466
0.0940247
0.0941138
0.0946755
0.0796612
0.0825249
0.0821424
0.0937836
0.0990151
0.0915206
0.0979848
0.101831
0.0871647
0.0873665
0.0927314
0.0726463
0.0931683
0.0831143
0.0799603
0.0846681
0.0875989
0.0937755
0.0982686
0.0790192
0.103354
0.0811019
0.0879263
0.0762919
0.0879087
0.0981981
0.0879138
0.0789209
0.0858865
0.095051
0.0929851
0.0773555
0.0867854
0.0938905
0.102157
0.0818849
0.0846937
0.0898001
0.0822497
0.0935352
0.0938217
0.0875866
0.0792283
0.0916922
0.0960531
0.0849532
0.0896023
0.0880412
0.0915591
0.0695137
0.08789
0.0846434
0.0902515
0.0903571
0.0770726
0.0879729
0.0870473
0.0917717
0.0830957
0.0859174
0.089531
0.0765574
0.0863581
0.0748904
0.0861183
0.0953928
0.0857869
0.0741733
0.0725748
0.0748973
0.0801973
0.0904718
0.0860706
0.0893464
0.0818726
0.094617
0.0774561
0.0871031
0.0835771
0.0773648
0.0818839
0.0743114
0.0723736
0.0905126
0.069703
0.0730746
0.0705125
0.0859419
0.0820474
0.083712
0.0898076
0.0898601
0.0790082
0.0778701
0.0837932
0.0763791
0.0619284
0.0625581
0.0770313
0.0662183
0.0715741
0.063537
0.0803355
0.0925619
0.0821481
0.0802574
0.0713329
0.0757611
0.0623443
0.0775041
0.0763873
0.0764578
0.0771407
0.0709378
0.0744125
0.0795789
0.0586781
0.0650781
0.0704957
0.0707362
0.0755583
0.0698708
0.068798
0.0798759
0.0746196
0.0656501
0.0600063
0.0558864
0.0536431
0.0631917
0.0606869
0.0627064
0.0550155
0.0574817
0.061458
0.0763157
0.0602919
0.0641648
0.0705979
0.0616778
0.0559433
0.0678215
0.0637679
0.0628644
0.0555387
0.0695051
0.0666502
0.0616449
0.0625303
0.0644413
0.0634145
0.0618532
0.0660518
0.0572289
0.0663534
0.0570421
0.0625087
0.0652552
0.0665699
0.0649752
0.066106
0.0557671
0.0599491
0.064459
0.0662873
0.0537363
0.0681474
0.0555748
0.0573827
0.0624444
0.0588921
0.0596922
0.0570179
0.0584448
0.0574932
0.0574165
0.0610647
0.0514868
0.0541846
0.0616351
0.0520822
0.0729356
0.059932
0.0604402
0.0614427
0.0604532
0.0525968
0.0591136
0.0439389
0.0448318
0.04993
0.0512993
0.0571373
0.0588238
0.0663744
0.0597172
0.0656013
0.0468289
0.0580346
0.0524161
0.0571189
0.0412853
0.0560229
0.0428618
0.0615272
0.0553443
0.04597
0.0451953
0.0489746
0.0496039
0.057048
0.0463992
0.0526951
0.0567073
0.0582463
0.0567522
0.063083
0.0591964
0.0606117
0.0520127
0.0489546
0.050356
0.0606577
0.0531728
0.0546466
0.0557958
0.0587278
0.0515213
0.0486039
0.0678695
0.0518476
0.0578369
0.0528964
0.0469992
0.0516879
0.0485739
0.0487484
0.0506371
0.0513052
0.061839
0.0577039
0.0568896
0.0616998
0.0558103
0.0517331
0.0559613
0.0614864
0.054523
0.0548773
0.0514243
0.0522423
0.051878
0.051466
0.0558617
0.0564926
0.0485412
0.0563815
0.0532058
0.0555303
0.0579443
0.0548922
0.0556865
0.0587208
0.0535745
0.0509135
0.0537694
0.0547676
0.0497453
0.0507613
0.0519702
0.0591515
0.0556921
0.0573062
0.0562979
0.0483047
0.0572032
0.0507458
0.0525461
0.0447162
0.0570017
0.052262
0.0563105
0.0458628
0.0520276
0.0452078
0.0513883
0.0560113
0.0508368
0.0485661
0.0522461
0.0542701
0.0472331
0.0513314
0.0535442
0.0602715
0.0484938
0.0532821
0.0507903
0.0425549
0.051665
0.041947
0.0496039
0.055033
0.050344
0.0474202
0.0469803
0.0443115
0.0506518
0.0500611
0.0402475
0.0432608
0.0487696
0.0529378
0.0569208
0.0507018
0.0587649
0.0518654
0.0480712
0.0512101
0.0461733
0.0432026
0.0539008
0.0545012
0.0426011
0.0493334
0.0482487
0.0515484
0.0455652
0.0500699
0.0548504
0.0534455
0.0449557
0.0542614
0.0481335
0.0399828
0.0547579
0.0546412
0.0498178
0.0542909
0.0501225
0.0492647
0.0608118
0.0482295
0.0461718
0.0494352
0.0461656
0.0482631
0.0523792
0.0575318
0.0500839
0.0561795
0.0399644
0.0451175
0.052832
0.0494913
0.0456615
0.0530627
0.0521404
0.0502696
0.0505351
0.0489802
0.046781
0.048356
0.0523916
0.0534135
0.0515215
0.0435011
0.0493224
0.051244
0.0482072
0.0454709
0.0412487
0.0455064
0.0509524
0.0482849
0.0494079
0.0485713
0.0456171
0.0496096
0.0546567
0.0488985
0.051925
0.0479457
0.0459014
0.0514051
0.0536992
0.0478253
0.053424
0.0499465
0.0576337
0.0579723
0.0454983
0.0426051
0.051276
0.0472769
0.0482563
0.0383386
0.0467127
0.0456673
0.0518517
0.0445433
0.0484186
0.0414912
0.0389068
0.0503807
0.0416676
0.0466522
0.0504568
0.0467651
0.0524578
0.0454546
0.0553452
0.0498751
0.0403405
0.0462973
0.0443218
0.0440039
0.0504031
0.0397437
0.0400586
0.0483896
0.0546761
0.0454876
0.0466276
0.0481687
0.0456716
0.0558364
0.0417902
0.0446657
0.0431131
0.0456097
0.0459554
0.044637
0.0439077
0.0410947
0.0531102
0.0474673
0.0431444
0.046013
0.0467731
0.0435087
0.0440192
0.0454204
0.0503773
0.0447239
0.0461517
0.0442428
0.0425239
0.0453325
0.0491607
0.0446437
0.0435367
0.0414833
0.0415824
0.0453073
0.0522103
0.0432952
0.0484671
0.0424362
0.0471087
0.0472314
0.0411207
0.0460521
0.0413444
0.0466164
0.0443063
0.0461902
0.0465307
0.0389727
0.0480903
0.0462187
0.0471984
0.0519397
0.0450279
0.046013
0.0500708
0.0488502
0.0339223
0.044845
0.0490303
0.0438168
0.0480063
0.0498253
0.0490864
0.0534687
0.0472196
0.0401046
0.0413451
0.0475006
0.0492372
0.043545
0.0434333
0.0406082
0.0447999
0.0387384
0.0448429
0.0448555
0.0426635
0.0442982
0.0446715
0.0489041
0.0406754
0.0481558
0.0437157
0.041951
0.0433839
0.0456383
0.0408147
0.0437854
0.0409518
0.0419686
0.0450446
0.0502345
0.0421547
0.0452286
0.0414413
0.0483016
0.0465118
0.0422259
0.0339035
0.0435668
0.0388836
0.0449933
0.0467795
0.0445956
0.0476394
0.0466298
0.0378215
0.0396504
0.0445911
0.0422807
0.0391707
0.0479044
0.0497567
0.0425503
0.038568
0.046658
0.0467848
0.0400768
0.039229
0.0414306
0.0400241
0.0416278
0.0441854
0.0385643
0.0440609
0.0418644
0.0485573
0.0479254
0.0429302
0.0463956
0.0439619
0.0473724
0.0469418
0.03881
0.0467324
0.0436666
0.0434018
0.0354047
0.033429
0.0397686
0.034796
0.0467371
0.03875
0.0360924
0.036309
0.043137
0.0507806
0.0410099
0.0425028
0.0391798
0.0387866
0.0421948
0.0378127
0.0416584
0.0459464
0.0391428
0.0415356
0.0396809
0.0398095
0.0406889
0.0360206
0.0374136
0.0403066
0.0482117
0.0441041
0.0457099
0.0410276
0.0407207
0.0430503
0.0473206
0.0389193
0.0425167
0.0410438
0.0433463
0.0410435
0.0409383
0.0392695
0.037355
0.0459746
0.0423841
0.0417457
0.0349304
0.0420472
0.0450288
0.0386882
0.0400617
0.0355934
0.0389931
0.0393218
0.0341952
0.0360791
0.0360302
0.0438147
0.044198
0.0460746
0.0404041
0.040284
0.0454043
0.0424889
0.0439773
0.0330426
0.0380598
0.0405378
0.0362412
0.0353382
0.0367723
0.0400975
0.034354
0.0412867
0.04348
0.0363355
0.0341651
0.0454303
0.0504995
0.0389746
0.0410583
0.0419656
0.0425856
0.0366139
0.0359839
0.0396116
0.0383846
0.036424
0.0420878
0.0399872
0.0390078
0.0437812
0.0428068
0.0384537
0.0397445
0.039023
0.0440961
0.0450086
0.0362178
0.0386734
0.0400459
0.0328017
0.0361909
0.0397815
0.0357299
0.0343157
0.0382565
0.0393465
0.0394358
0.038184
0.0404405
0.0373896
0.0370267
0.0385105
0.0384462
0.0413291
0.0445454
0.0433921
0.0419291
0.0395462
0.034712
0.0372359
0.0357641
0.0341145
0.0387944
0.039622
0.0334719
0.0370839
0.0342115
0.0355765
0.0364999
0.0393644
0.0371223
0.0329556
0.0350784
0.0288919
0.0353351
0.0371835
0.032975
0.0375935
0.035115
0.0353124
0.034608
0.0335608
0.0349103
0.0320931
0.0407196
0.0389734
0.0384889
0.0363449
0.0360693
0.0334793
0.0354728
0.035904
0.040373
0.0404234
0.0346604
0.0342655
0.0387817
0.0374239
0.0398743
0.0371997
0.0386557
0.0365782
0.0360169
0.0311743
0.0372613
0.0370681
0.0367514
0.0333219
0.0387239
0.0359347
0.0320862
0.0376025
0.0431155
0.0346404
0.035164
0.0379925
0.0375501
0.0371504
0.0378225
0.0388407
0.0367691
0.0365318
0.0351379
0.0362192
0.034589
0.0443196
0.0356551
0.0384034
0.0290355
0.0318628
0.0346417
0.0346005
0.0359496
0.0395075
0.0371535
0.0361
0.0374128
0.0355659
0.0391116
0.0313774
0.0399468
0.0317105
0.0319624
0.0345507
0.0315368
0.0324918
0.0334549
0.027376
0.0340745
0.0361751
0.0370253
0.0327027
0.0340423
0.0355372
0.0309703
0.034967
0.0326484
0.0291582
0.0367323
0.0355144
0.0337882
0.0336773
0.0374332
0.0389206
0.0349763
0.0401169
0.0367174
0.0314913
0.0369992
0.0353947
0.0347897
0.0340364
0.0380606
0.0411106
0.0316093
0.0301499
0.0266618
0.0364359
0.0318231
0.0313796
0.036191
0.033425
0.0356503
0.0346544
0.0361812
0.0435129
0.0323529
0.0357073
0.035658
0.0344066
0.029693
0.0330787
0.0369785
0.0355792
0.0399237
0.038497
0.0387717
0.035357
0.038378
0.0394231
0.034628
0.0309608
0.0299272
0.0315813
0.0365319
0.0328216
0.0294367
0.0292566
0.0295679
0.0353332
0.0298328
0.0337275
0.0357295
0.03166
0.0326674
0.0311107
0.0289341
0.0306542
0.0316743
0.028934
0.0288128
0.0302996
0.0262768
0.0323586
0.0353445
0.0313784
0.0316136
0.0322442
0.0290248
0.0307653
0.0328624
0.0313129
0.0339691
0.0355308
0.0354919
0.027793
0.0319411
0.0339622
0.0345867
0.0354937
0.030964
0.0379105
0.0354285
0.03339
0.0360884
0.0331346
0.0290086
0.0353691
0.0351428
0.0340901
0.0298785
0.0297403
0.0319359
0.0315017
0.0285246
0.0270204
0.0325874
0.0299444
0.0344018
0.0287362
0.0334032
0.0307846
0.0333199
0.0280876
0.0320834
0.0291087
0.0287107
0.0308881
0.0295484
0.0323497
0.0312134
0.0335146
0.0326869
0.0347444
0.0321054
0.0337375
0.0343983
0.0338647
0.0261718
0.0280798
0.0314802
0.0336783
0.0343291
0.0307778
0.0252616
0.0321924
0.0343805
0.0321409
0.0346991
0.0334806
0.0317383
0.0325014
0.0266567
0.0310998
0.0328962
0.0278691
0.0277836
0.0313829
0.0290613
0.0280963
0.035019
0.0335712
0.0261522
0.030537
0.0283173
0.0329381
0.0328466
0.0320024
0.0294042
0.0329877
0.0285162
0.0299585
0.0301503
0.0322765
0.0270047
0.030059
0.0299696
0.0341502
0.0339535
0.0284288
0.0328575
0.0283147
0.0323069
0.0314223
0.0276325
0.029367
0.0295541
0.0264014
0.028045
0.0328372
0.0284906
0.0303925
0.0284205
0.0330281
0.0271195
0.0290906
0.0312164
0.0293538
0.0282986
0.02847
0.0319732
0.0309726
0.0318324
0.0322418
0.0282958
0.0322144
0.0315571
0.0283322
0.0305715
0.0297284
0.0313112
0.026967
0.0289233
0.0241285
0.0319324
0.0247244
0.0321661
0.0306144
0.0287503
0.0304764
0.0281022
0.0289079
0.0301083
0.0321396
0.02962
0.0262862
0.0330491
0.0278549
0.0294521
0.0280852
0.0245475
0.0293261
0.0270019
0.0295123
0.0262191
0.028992
0.0286874
0.0246519
0.0280401
0.0263663
0.031265
0.0262777
0.0274418
0.030992
0.0307969
0.0278913
0.0273829
0.0296724
0.0296082
0.0268142
0.0286339
0.0277642
0.0293335
0.0276387
0.0297255
0.0280563
0.0298874
0.0325256
0.0266903
0.030572
0.027413
0.0296325
0.0313675
0.0300651
0.0292214
0.0288736
0.0269649
0.0253297
0.0277258
0.0280123
0.0294579
0.0263386
0.031023
0.0262516
0.0286829
0.0296852
0.0243115
0.025482
0.0261559
0.0300066
0.0300375
0.030856
0.0323246
0.0259093
0.0273433
0.031023
0.0289389
0.0274377
0.0280493
0.0292686
0.0295576
0.0295748
0.025359
0.0290107
0.0238775
0.0261996
0.0240119
0.0273151
0.0285751
0.0255057
0.0243974
0.0267649
0.0292541
0.0261669
0.0272198
0.0287865
0.0253956
0.0273019
0.0283647
0.0259329
0.0267767
0.0296231
0.0266052
0.0269035
0.0257933
0.0293044
0.0241033
0.0273397
0.030221
0.0251815
0.0269171
0.027337
0.0220333
0.0253053
0.0245968
0.025601
0.027995
0.0268129
0.025829
0.0247649
0.0276107
0.0258027
0.0266346
0.0304687
0.0274296
0.0282143
0.028317
0.0287275
0.0283472
0.0285807
0.0302214
0.0294152
0.0278493
0.0305658
0.0284005
0.0242695
0.0286006
0.0246276
0.0248728
0.0280603
0.0285634
0.0283899
0.0247671
0.0259186
0.0256966
0.0268786
0.0245936
0.02565
0.0267023
0.0269464
0.0269606
0.0248764
0.0230981
0.0246679
0.0306801
0.0322695
0.0283837
0.0284551
0.0266029
0.0259881
0.0302911
0.0295614
0.0269706
0.027412
0.0254949
0.0277021
0.0229044
0.0244129
0.0278812
0.024764
0.0253588
0.0236637
0.023916
0.0263591
0.0267192
0.0230599
0.0245621
0.0271817
0.0264864
0.026982
0.0276398
0.0278107
0.024542
0.0255915
0.025931
0.0259752
0.0266218
0.0253089
0.0256129
0.0301009
0.0270745
0.0287069
0.0238763
0.0240783
0.0253805
0.0245404
0.0244176
0.0264091
0.0278057
0.026648
0.0245717
0.0236085
0.0268475
0.0257376
0.0230212
0.0255505
0.023567
0.024507
0.0239048
0.0268598
0.027345
0.0274308
0.0271651
0.0238578
0.0272996
0.0256569
0.0241061
0.0272709
0.0260256
0.0241569
0.0225569
0.0260995
0.0252578
0.0287672
0.0280615
0.0254141
0.0276579
0.0260126
0.026844
0.0268168
0.0261144
0.0246401
0.0253378
0.0240506
0.0230485
0.0248477
0.0265304
0.0261725
0.0237524
0.0292413
0.0237975
0.025009
0.0251717
0.0286741
0.0266796
0.025856
0.0279141
0.0250682
0.0233611
0.0268884
0.0249782
0.024729
0.0279704
0.0217113
0.0283575
0.0267494
0.0249886
0.0245522
0.0267115
0.0252454
0.0235439
0.0240013
0.0237516
0.0219807
0.0247548
0.0228927
0.0234212
0.0228983
0.0276155
0.0257187
0.0272269
0.0308832
0.0271712
0.0278676
0.0253456
0.0289155
0.0263294
0.0234289
0.0214306
0.0244681
0.0253441
0.0270253
0.0247608
0.0228006
0.0220347
0.0236628
0.0237974
0.0265257
0.024854
0.0248362
0.0214986
0.0213102
0.0244955
0.0260533
0.0250151
0.0236443
0.0250837
0.0230296
0.0254214
0.0221589
0.0243726
0.0248746
0.0252371
0.0207645
0.0221616
0.0223162
0.0223372
0.0226934
0.0237877
0.0253154
0.0233447
0.0251665
0.0282976
0.0267037
0.0246391
0.0267023
0.0253876
0.022922
0.0234239
0.0228534
0.0269667
0.021927
0.0236389
0.0233646
0.0216882
0.0220463
0.0221348
0.0254533
0.0220416
0.0231814
0.0236846
0.0231507
0.0255932
0.0219978
0.0229436
0.0242392
0.023556
0.0230934
0.0237623
0.0225765
0.0247086
0.0262099
0.0241089
0.0224591
0.0218817
0.0229072
0.0245839
0.0265816
0.0261863
0.0233355
0.0227385
0.0216074
0.0258465
0.0224603
0.0257496
0.0244634
0.0231877
0.0247432
0.0211969
0.0235085
0.0215726
0.0262281
0.0245558
0.023361
0.0244539
0.0237748
0.0249706
0.0250518
0.0255025
0.0217907
0.0226099
0.0255755
0.0245315
0.0260145
0.0262826
0.0224389
0.0220648
0.022467
0.0219697
0.0225848
0.0250787
0.025181
0.0213151
0.0224709
0.0237303
0.0242296
0.0268531
0.0246628
0.0247319
0.0243396
0.0223133
0.0236085
0.0285448
0.0240535
0.02128
0.0196325
0.0226721
0.0223264
0.02214
0.0223114
0.0219987
0.0242088
0.0222045
0.0228632
0.024513
0.0247371
0.0218272
0.0238341
0.0220233
0.0234939
0.0208399
0.0221108
0.0231772
0.0198768
0.0222561
0.0209899
0.022323
0.0240273
0.0228072
0.0242199
0.026175
0.0216738
0.0205387
0.0252944
0.0242954
0.0215478
0.0223344
0.0228474
0.0250996
0.0239977
0.0234895
0.0229538
0.0207287
0.0229698
0.0223097
0.0235962
0.0216865
0.020091
0.0240539
0.0235344
0.0229523
0.0222684
0.0219328
0.020474
0.0235591
0.0234642
0.0218612
0.0244722
0.0222993
0.0221792
0.0235964
0.0247593
0.0241535
0.0192078
0.0228973
0.0215375
0.0216762
0.0208221
0.0211255
0.0226898
0.0218983
0.0222315
0.0232175
0.0230252
0.0262885
0.0220646
0.0235364
0.0230718
0.0222104
0.021865
0.0190167
0.0195326
0.0208412
0.0234218
0.0255285
0.0233006
0.0233493
0.0190235
0.0237746
0.0209053
0.0221854
0.0229492
0.0207829
0.0227441
0.0221758
0.0212656
0.0195468
0.0226621
0.0241732
0.0230528
0.0211505
0.0205488
0.0222402
0.0234148
0.0240367
0.0229635
0.02312
0.0241103
0.0232234
0.0218031
0.0199213
0.0216395
0.019388
0.0215337
0.0248785
0.0207282
0.0231295
0.020411
0.01978
0.022803
0.0192999
0.0219778
0.0218221
0.0221304
0.019608
0.0230223
0.0215486
0.0219408
0.0245799
0.0243456
0.022417
0.0199954
0.0196854
0.0212738
0.0207972
0.0206386
0.0211327
0.0223938
0.0214904
0.0227705
0.0210403
0.0223176
0.0216304
0.0220142
0.0230347
0.0209581
0.0201955
0.0202475
0.0221107
0.0232414
0.0223116
0.0228488
0.0195155
0.0223668
0.0245797
0.020464
0.0217207
0.0182752
0.0225766
0.0212874
0.0194949
0.0193857
0.0206909
0.0203054
0.0211604
0.0217538
0.0208219
0.0199635
0.0227661
0.0211033
0.018939
0.0207236
0.0240693
0.0198265
0.0241889
0.0208631
0.0201936
0.0184757
0.019325
0.020263
0.0222943
0.0194432
0.0212458
0.0217541
0.0222578
0.0206256
0.0199195
0.0220149
0.0204699
0.0200366
0.0231553
0.0215742
0.021506
0.0194796
0.0218383
0.0204373
0.020354
0.0222272
0.020205
0.0197922
0.0207201
0.0186128
0.0207076
0.0201992
0.0194427
0.0219757
0.0192067
0.0189397
0.0230175
0.0231412
0.0238946
0.0225511
0.0232681
0.0203057
0.0204095
0.0187922
0.0207165
0.0201884
0.0222718
0.0230603
0.0200655
0.0190465
0.0211374
0.018942
0.0203899
0.0204771
0.0196564
0.0214035
0.0203768
0.0212929
0.0198065
0.0229384
0.0204354
0.0174863
0.0199803
0.0180617
0.0174774
0.0195416
0.0192164
0.0188633
0.0202268
0.0199449
0.0211027
0.021579
0.0199462
0.0195565
0.0181451
0.021412
0.0197798
0.0215409
0.0208878
0.0220009
0.0179136
0.0172144
0.0182014
0.017856
0.0189998
0.0198905
0.0215126
0.0218689
0.0195652
0.0186206
0.0164056
0.0215301
0.0206411
0.0186319
0.0194547
0.0192408
0.01906
0.018851
0.0216553
0.0217011
0.0178901
0.0213143
0.0206882
0.0182479
0.0206445
0.0210623
0.0197897
0.0176824
0.0201236
0.0188769
0.0199666
0.0192572
0.0173734
0.019092
0.0179481
0.0187874
0.0208882
0.020201
0.0204208
0.0192972
0.0198841
0.0206352
0.0192904
0.0180351
0.0189318
0.0212044
0.0186758
0.0199619
0.0197388
0.0213623
0.0212882
0.0202645
0.0197832
0.0216477
0.0215531
0.0201981
0.0196023
0.0204583
0.0217764
0.0202974
0.0199427
0.0197558
0.020338
0.0191088
0.0165296
0.0205108
0.0207813
0.0190806
0.0194816
0.0196477
0.0182114
0.0209754
0.0210966
0.018656
0.0182844
0.0179567
0.0190583
0.0187927
0.0188926
0.020632
0.0184496
0.0173352
0.0164915
0.0187945
0.0185423
0.0193006
0.0191298
0.0175355
0.0180706
0.0197349
0.0194593
0.0172088
0.0186277
0.0170649
0.0197898
0.0208628
0.0182402
0.0183837
0.0179078
0.0195489
0.0202379
0.0191944
0.0194013
0.0181984
0.0170322
0.0184419
0.0192127
0.0169886
0.0183944
0.0180377
0.0175484
0.0188686
0.0183547
0.0197623
0.0184297
0.0183908
0.0179669
0.0190556
0.0193835
0.0188823
0.0192415
0.0179855
0.0177618
0.0171741
0.0193338
0.0211452
0.018937
0.0187339
0.0182696
0.0183725
0.0190543
0.0193709
0.0181181
0.0176241
0.0176874
0.0196336
0.0178359
0.0173408
0.0190274
0.0183998
0.0181367
0.0178409
0.0183553
0.0209393
0.0181841
0.0173656
0.0192117
0.019297
0.0196848
0.0186162
0.0190318
0.0195892
0.0171989
0.0194552
0.0197709
0.0183952
0.0176631
0.0200717
0.018829
0.0184219
0.0176317
0.0162659
0.0188989
0.0196233
0.0193631
0.0198247
0.0198171
0.0186997
0.0175041
0.0161743
0.0180217
0.0173279
0.0187882
0.017962
0.0164425
0.0188261
0.0191726
0.0197737
0.0182113
0.0185178
0.0186847
0.0181013
0.0200745
0.0198447
0.0193078
0.0159272
0.0192429
0.0172322
0.0193539
0.0166202
0.0157907
0.0179253
0.0171758
0.0177134
0.0151295
0.0170688
0.0171083
0.0188086
0.0181161
0.0181951
0.0167045
0.0195806
0.0184211
0.0179352
0.0157708
0.0187048
0.0194376
0.0188637
0.018239
0.0166355
0.015033
0.0166357
0.0163762
0.0182996
0.0178996
0.0197435
0.0168133
0.0179083
0.0197669
0.0192558
0.0195739
0.0176112
0.0187096
0.0153245
0.0143863
0.0158395
0.015625
0.0170511
0.0139456
0.013491
0.0141647
0.0153883
0.0173591
0.0188684
0.0169912
0.0152993
0.016739
0.015983
0.016515
0.015725
0.0176077
0.0170366
0.0159395
0.0168009
0.0171641
0.0157461
0.0173607
0.0161855
0.0173412
0.0177806
0.0164741
0.0177842
0.0185403
0.0191751
0.017527
0.0184808
0.0176332
0.0155728
0.016891
0.0179075
0.0170085
0.0180165
0.0160962
0.0168616
0.0158262
0.0156956
0.0190277
0.0162454
0.0150345
0.0175595
0.0185387
0.017938
0.0164721
0.0179438
0.0161633
0.017051
0.0160951
0.0170661
0.0169163
0.0172741
0.0153847
0.0157587
0.0170355
0.0176868
0.0185602
0.0165354
0.0170516
0.0155231
0.0173683
0.0163961
0.0142147
0.0168722
0.01706
0.0148166
0.0177324
0.0173537
0.017401
0.0180027
0.0171854
0.0167247
0.0173077
0.0172116
0.0167929
0.0166255
0.0184239
0.0181872
0.0158462
0.0168072
0.0160199
0.0157175
0.0150957
0.0180665
0.0169563
0.0155773
0.0150245
0.0159223
0.0158777
0.0147453
0.0157715
0.0159273
0.015467
0.0152639
0.0160994
0.0149853
0.0160094
0.0167524
0.0145915
0.0136811
0.0158836
0.0154268
0.0138885
0.0171374
0.0165658
0.017331
0.0157858
0.0162974
0.0161761
0.014481
0.0142636
0.0162888
0.0156513
0.0148497
0.0170017
0.0171936
0.0163825
0.0166084
0.0154783
0.0153901
0.0161033
0.0167919
0.0151761
0.0161522
0.0171039
0.0159615
0.0170635
0.0151978
0.01584
0.0160314
0.0172582
0.0180131
0.0170186
0.0152873
0.0159921
0.0157228
0.0150256
0.0162963
0.0174268
0.0164303
0.0130499
0.0143851
0.015831
0.0164192
0.0160549
0.0166511
0.0172744
0.0146544
0.015167
0.0161228
0.0158047
0.0174654
0.0174893
