   1.6605625e-01
   3.1422678e+00
   4.2715480e+00
   6.1678875e-02
   1.4871026e-01
   5.0701965e-02
   3.6132196e-02
   2.4715783e-02
   4.4912884e-02
   1.4472211e-02
   3.7545103e-02
   8.5349886e-02
  -6.3366271e-03
   6.8990021e-03
   3.6059236e-01
   4.0536707e-02
   2.5285982e-02
   9.8127862e-03
   1.9692883e-03
   1.4428653e-02
   1.3879438e-01
   6.6135745e-02
   1.1652653e-02
   4.5057251e-03
  -3.7957302e-03
   4.3618489e-02
   2.8803585e-02
   3.5758621e-02
   1.2529827e-02
   3.5317243e-02
   4.5137418e-02
   2.8377464e-02
   3.1093589e-02
   6.1236798e-02
   5.6641783e-02
   6.2093350e-02
   4.2843471e-01
   1.0349545e-01
   2.6804571e-02
  -4.6455682e-03
   4.7193839e-02
   5.2505102e-02
   4.1460703e-02
   1.0613218e-02
   2.4273949e-02
   3.2824942e-01
   1.3401279e-02
   1.5277648e-01
   2.5902218e-02
   3.2686036e-02
   2.4018880e-02
   4.5487112e-02
   5.5196095e-03
   2.4368777e-02
   3.3401140e-02
   4.6552053e-02
   3.1689286e-02
   3.8510317e-02
   3.0624953e-02
   2.4979208e-02
   2.5954854e-02
   2.9794492e-05
   5.0001603e-02
   1.2537732e-01
   2.2757288e-02
   1.3135824e-02
   2.6611325e-02
   3.3663469e-02
   2.5607127e-02
   2.7333661e-02
   3.0465915e-02
   3.6675872e-02
   3.1968355e-02
   2.5490546e-02
   1.5121034e-02
   3.4394809e-02
   1.3581342e-02
   1.0006474e-02
   4.0549231e-03
   7.6045775e-03
   9.0896984e-03
   1.2317428e-02
   1.0603981e-02
   1.2442495e-02
   1.2621905e-02
   1.7135810e-02
   6.3779703e-03
   3.3189560e-03
  -2.5634629e-03
  -4.2730851e-03
   9.6007859e-04
  -2.2321092e-03
   9.0091367e-04
   1.4753521e-03
   1.8540523e-03
   2.8618628e-03
   3.7498936e-03
  -2.2639491e-03
  -7.2170068e-03
  -1.0058949e-02
  -8.5011489e-03
  -9.3057126e-03
  -7.4535331e-03
  -8.6458433e-03
  -6.9820157e-03
  -3.1237527e-03
  -5.0394318e-03
  -4.8212767e-03
  -4.2526828e-03
  -3.6357598e-03
  -2.1084192e-03
   3.6846578e-03
   5.7772735e-03
   7.4232094e-03
   6.7012367e-03
   8.7975453e-03
   6.8383415e-03
   3.7303916e-03
   1.7934169e-03
   2.4075579e-03
   3.0200744e-03
   1.6105355e-03
  -1.5283979e-03
   4.7246919e-04
   1.7981911e-03
   9.7437420e-04
  -5.0574071e-04
   2.2093919e-04
   2.0938776e-03
   2.1169802e-03
   1.9654569e-03
   9.9279630e-04
   1.5269766e-03
   2.0651816e-03
   2.2667655e-03
   1.6713075e-03
   1.6044233e-03
   1.9297964e-03
   2.4522007e-03
   1.8227032e-03
   2.4169192e-03
   3.4974274e-03
   3.7951387e-03
   4.2641296e-03
   4.7403169e-03
   4.6035536e-03
   5.0011003e-03
   4.5838173e-03
   2.7479011e-03
   2.1125445e-03
   1.9625458e-03
   1.9961110e-03
   2.1464302e-03
   2.5407196e-03
   3.4945642e-03
   4.2410254e-03
   4.7468571e-03
   5.2377193e-03
   5.3215518e-03
   6.7317057e-03
   8.7896851e-03
   1.1880025e-02
   1.1726859e-02
   1.1472510e-02
   1.1197744e-02
   1.0654770e-02
   8.7514278e-03
   5.3164489e-03
   2.8508310e-03
   3.3325734e-03
   3.0109581e-03
   2.7958897e-03
   3.2489999e-03
   3.1740685e-03
   3.4637011e-03
   3.8812308e-03
   3.3201243e-03
   3.1590375e-03
   3.2066513e-03
   3.4249422e-03
   3.4227552e-03
   4.2584860e-03
   3.2769043e-03
   3.4103895e-03
   3.9070940e-03
   5.3531238e-03
   6.0843371e-03
   1.4655659e-02
   1.4522025e-02
   1.5683812e-02
   1.8878447e-02
   2.1524001e-02
   2.1819932e-02
   2.6552624e-02
   2.0468273e-02
   2.0865588e-02
   2.2066004e-02
   2.0826390e-02
   1.8044362e-02
   1.8082522e-02
   1.7267263e-02
   1.6192675e-02
   1.7227814e-02
   1.4758567e-02
   1.3637421e-02
   1.8751521e-02
   1.7828703e-02
   1.4483172e-02
   1.4359324e-02
   1.4989176e-02
   1.8581062e-02
   1.9723405e-02
   2.1415998e-02
   2.4893713e-02
   2.9283414e-02
   3.2838097e-02
   3.3364715e-02
   3.2694901e-02
   3.1763336e-02
   3.0831771e-02
   2.9782472e-02
   2.8534249e-02
   2.7286026e-02
   2.5320836e-02
   2.1671900e-02
   1.8022964e-02
   1.5056517e-02
   1.4434247e-02
   1.3811976e-02
   1.3189705e-02
   1.2567435e-02
   1.1945164e-02
   1.1497239e-02
   1.3076849e-02
   1.4656459e-02
   1.6238176e-02
   1.8167583e-02
   2.0096990e-02
   2.2026397e-02
   2.1946392e-02
   2.1721785e-02
   2.1497179e-02
   2.1680925e-02
   2.1931306e-02
   2.2181687e-02
   2.1728300e-02
   1.9143561e-02
   2.1613429e-02
   2.6245402e-02
   3.0050961e-02
   3.2349515e-02
   3.8140891e-02
   3.8893521e-02
   3.8883245e-02
   3.7438879e-02
   3.5892516e-02
   3.2455817e-02
   3.0605959e-02
   2.5407270e-02
   2.7705081e-02
   3.2906509e-02
   3.2712180e-02
   3.4258809e-02
   3.6772029e-02
   3.7481540e-02
   3.9045445e-02
   4.2447247e-02
   4.4593119e-02
   4.3799803e-02
   4.2824161e-02
   3.6522047e-02
   3.2247217e-02
   2.9820833e-02
   2.9288272e-02
   3.0696642e-02
   3.1094612e-02
   3.1030981e-02
   2.9327006e-02
   2.9881144e-02
   3.1100520e-02
   3.8994603e-02
   5.0890783e-02
   6.2080378e-02
   7.4358877e-02
   8.8707592e-02
   9.4033012e-02
   9.9357945e-02
   1.1075207e-01
   1.2592723e-01
   1.3971022e-01
   1.5099532e-01
   1.6470991e-01
   1.6530303e-01
   1.6451153e-01
   1.5786480e-01
   1.6788597e-01
   1.8116174e-01
   1.8201115e-01
   1.7815755e-01
   1.7840684e-01
   1.7235709e-01
   1.5775040e-01
   1.4487547e-01
   1.3845544e-01
   1.2543984e-01
   1.1078638e-01
   9.2595061e-02
   8.0332072e-02
   6.8611588e-02
   6.1211149e-02
   5.5931980e-02
   5.3879900e-02
   5.2612049e-02
   6.0541956e-02
   7.4335720e-02
   9.5872056e-02
   1.1232866e-01
   1.3052710e-01
   1.4899322e-01
   1.7878031e-01
   2.0603310e-01
   2.1768476e-01
   2.3488475e-01
   2.5813829e-01
   2.6145069e-01
   2.7805696e-01
   2.9029109e-01
   3.2412284e-01
   3.5479802e-01
   3.7329910e-01
   3.7503825e-01
   4.0745321e-01
   4.4018450e-01
   4.4881350e-01
   4.8939379e-01
   4.9751972e-01
   4.9423806e-01
   4.7691647e-01
   4.5582161e-01
   4.5834660e-01
   4.8372541e-01
   4.7824730e-01
   4.6537915e-01
   4.5857046e-01
   4.3033075e-01
   4.3916968e-01
   4.6638453e-01
   4.9285667e-01
   4.9992299e-01
   5.0171884e-01
   4.9632580e-01
   4.8129259e-01
   4.9472591e-01
   5.1652766e-01
   5.4178505e-01
   5.5787922e-01
   5.4510877e-01
   5.5479325e-01
   5.5196935e-01
   5.7861588e-01
   5.8179099e-01
   5.6369689e-01
   5.3562255e-01
   5.1467489e-01
   5.0499029e-01
   4.7427955e-01
   4.6093313e-01
   4.4737720e-01
   4.4374680e-01
   4.4578815e-01
   4.3082690e-01
   4.5000586e-01
   4.7799851e-01
   5.2757957e-01
   5.5504829e-01
   5.9104548e-01
   6.3321810e-01
   6.6704650e-01
   7.0728207e-01
   7.2372506e-01
   7.3187346e-01
   7.1294641e-01
   6.8840600e-01
   6.5380376e-01
   6.0933289e-01
   5.6381211e-01
   5.0881111e-01
   4.7346390e-01
   4.4362237e-01
   4.0621169e-01
   3.7813923e-01
   3.9440142e-01
   4.1280128e-01
   4.3697806e-01
   4.4355627e-01
   4.5154158e-01
   4.5537344e-01
   4.9404421e-01
   4.9909190e-01
   5.0212470e-01
   4.7767814e-01
   4.8334974e-01
   4.7328306e-01
   4.3919788e-01
   4.1660134e-01
   4.0775743e-01
   3.9467798e-01
   3.8694703e-01
   3.9416951e-01
   4.1806143e-01
   4.7774286e-01
   5.2692372e-01
   5.1272398e-01
   5.7371323e-01
   6.5901678e-01
   6.9509592e-01
   7.6725003e-01
   8.4052548e-01
   8.5148938e-01
   8.6256532e-01
   8.5653476e-01
   8.9650099e-01
   9.4596356e-01
   9.8816991e-01
   1.0069300e+00
   1.0232421e+00
   1.0325164e+00
   1.0266522e+00
   1.0344233e+00
   1.0303004e+00
   1.0322000e+00
   9.8199063e-01
   9.0123885e-01
   8.9367434e-01
   8.6655249e-01
   8.4589759e-01
   8.3681993e-01
   8.1612712e-01
   7.7222230e-01
   7.7343240e-01
   7.7714339e-01
   8.1986658e-01
   8.8246009e-01
   9.0613124e-01
   9.2883840e-01
   9.0602216e-01
   8.7069616e-01
   8.7342098e-01
   9.0167671e-01
   9.0484352e-01
   9.0577172e-01
   8.9791228e-01
   9.0629770e-01
   9.0796312e-01
   9.0556840e-01
   9.0236389e-01
   9.5136812e-01
   1.0108326e+00
   1.0722200e+00
   1.1105817e+00
   1.1593839e+00
   1.2027747e+00
   1.2277163e+00
   1.2296621e+00
   1.2488298e+00
   1.2711239e+00
   1.2982664e+00
   1.3300680e+00
   1.3081528e+00
   1.2736872e+00
   1.2501196e+00
   1.2020887e+00
   1.1388646e+00
   1.0781926e+00
   1.0125395e+00
   9.2081246e-01
   8.1340990e-01
   7.0266134e-01
   6.1481659e-01
   5.6539169e-01
   5.2606397e-01
   4.9152897e-01
   4.7277296e-01
   4.6759287e-01
   4.8811676e-01
   5.3159340e-01
   6.0195265e-01
   6.7544955e-01
   7.3952301e-01
   7.9809330e-01
   8.3913954e-01
   8.9500726e-01
   9.5430452e-01
   1.0109601e+00
   1.0777944e+00
   1.1425976e+00
   1.1952160e+00
   1.2490030e+00
   1.3028655e+00
   1.3492058e+00
   1.3851411e+00
   1.4187540e+00
   1.4487345e+00
   1.4373856e+00
   1.3656284e+00
   1.2982680e+00
   1.2125973e+00
   1.1253986e+00
   1.0347200e+00
   9.4286283e-01
   8.4667001e-01
   7.5299033e-01
   6.4792126e-01
   5.6745439e-01
   5.5091154e-01
   5.3989278e-01
   5.3414867e-01
   5.4072770e-01
   5.5597669e-01
   5.7056012e-01
   6.0820246e-01
   6.5043138e-01
   7.1168465e-01
   7.8028402e-01
   8.2085035e-01
   8.3624059e-01
   8.4266442e-01
   8.5215057e-01
   8.7039965e-01
   8.9922491e-01
   9.8403051e-01
   1.0583447e+00
   1.0867869e+00
   1.1125197e+00
   1.1461764e+00
   1.2118800e+00
   1.3009059e+00
   1.3859809e+00
   1.4313861e+00
   1.5029540e+00
   1.5377883e+00
   1.6007667e+00
   1.7738647e+00
   1.9586687e+00
   2.0006196e+00
   2.0980943e+00
   2.2292884e+00
   2.0772308e+00
   1.9769184e+00
   1.8934827e+00
   1.7997860e+00
   1.8701899e+00
   1.8209637e+00
   1.8342814e+00
   1.8160447e+00
   1.6604190e+00
   1.6092201e+00
   1.5852715e+00
   1.4104410e+00
   1.4027188e+00
   1.4960313e+00
   1.3271680e+00
   1.2523390e+00
   1.3226745e+00
   1.3185413e+00
   1.0783360e+00
   1.1352215e+00
   1.1963940e+00
   1.1527057e+00
   1.1711091e+00
   1.2384921e+00
   1.2652266e+00
   1.1133012e+00
   1.1328606e+00
   1.1621108e+00
   1.1614242e+00
   1.1775173e+00
   1.2137626e+00
   1.2516151e+00
   1.1558745e+00
   1.1074299e+00
   9.5328316e-01
   1.1419515e+00
   1.1268786e+00
   1.2103085e+00
   1.3450580e+00
   1.3977023e+00
   1.5696173e+00
   1.6740190e+00
   1.8020977e+00
   1.8131487e+00
   1.8993998e+00
   1.9776965e+00
   1.9763546e+00
   1.9886001e+00
   2.0667073e+00
   2.1734912e+00
   2.3069219e+00
   2.6110932e+00
   2.6969224e+00
   1.9671337e+00
   1.8538208e+00
   2.0388215e+00
   1.7626385e+00
   1.4494340e+00
   1.6301506e+00
   1.8108195e+00
   1.4662115e+00
   1.1917629e+00
   1.3017849e+00
   1.4395793e+00
   1.3899982e+00
   1.3779878e+00
   1.4558214e+00
   1.4734719e+00
   1.4023134e+00
   1.6500994e+00
   1.8118595e+00
   1.7648195e+00
   1.8397487e+00
   1.9824152e+00
   2.1213216e+00
   2.1115322e+00
   2.2152663e+00
   2.3505618e+00
   2.4506286e+00
   2.5616274e+00
   2.6624789e+00
   2.7928113e+00
   2.9358973e+00
   2.9244382e+00
   2.9828093e+00
   3.1052651e+00
   3.2120182e+00
   3.2142345e+00
   3.2086462e+00
   3.2647069e+00
   3.2805939e+00
   3.3490585e+00
   3.4177393e+00
   3.3408743e+00
   3.3494536e+00
   3.3917368e+00
   3.4517405e+00
   3.4128784e+00
   3.4781966e+00
   3.5276160e+00
   3.5628379e+00
   3.5148440e+00
   3.6165903e+00
   3.6719521e+00
   3.6875511e+00
   3.6151623e+00
   3.6843487e+00
   3.5202440e+00
   2.1863112e+00
   9.4547502e-01
   1.6847647e+00
   2.0857980e+00
   1.5497199e+00
   1.8285894e+00
   2.2263821e+00
   2.0664059e+00
   2.1191474e+00
   2.4305373e+00
   2.4300344e+00
   2.2405762e+00
   2.5849836e+00
   2.7313265e+00
   2.8462314e+00
   2.8438337e+00
   2.5984088e+00
   2.6147743e+00
   2.7363743e+00
   2.7338441e+00
   2.6841422e+00
   2.8145780e+00
   2.9720247e+00
   2.9818780e+00
   2.7988880e+00
   2.8535340e+00
   2.9129308e+00
   2.9606034e+00
   2.9675675e+00
   3.0644331e+00
   3.1426929e+00
   3.1228803e+00
   3.0749707e+00
   3.0843027e+00
   3.1514389e+00
   3.2477995e+00
   3.2462569e+00
   3.2795431e+00
   3.3285492e+00
   3.4139508e+00
   3.4097591e+00
   3.4250753e+00
   3.4643415e+00
   3.5322615e+00
   3.5398963e+00
   3.6424122e+00
   3.6292813e+00
   3.7406048e+00
   3.7926877e+00
   3.7779172e+00
   3.8549547e+00
   3.8431570e+00
   3.8149341e+00
   3.8077731e+00
   3.8174106e+00
   3.7423928e+00
   3.6203482e+00
   3.5225500e+00
   3.3524065e+00
   3.4095224e+00
   3.0512577e+00
   2.8639038e+00
   3.0169070e+00
   3.7141976e+00
   3.6130547e+00
   3.0927785e+00
   3.5603682e+00
   3.7618740e+00
   3.7016693e+00
   3.7563743e+00
   3.5216182e+00
   3.5105150e+00
   3.5282002e+00
   3.5382766e+00
   3.5746772e+00
   3.6090660e+00
   3.5959416e+00
   3.7177266e+00
   3.7133149e+00
   3.7140909e+00
   3.6758006e+00
   3.5625548e+00
   3.6857330e+00
   3.7230280e+00
   3.7316066e+00
   3.6877500e+00
   3.4406214e+00
   3.4589615e+00
   3.3868046e+00
   3.3559601e+00
   3.3437765e+00
   3.4296277e+00
   3.4103946e+00
   3.3303421e+00
   3.3449823e+00
   3.3028719e+00
   3.3918294e+00
   3.1738499e+00
   3.4004344e+00
   3.5050078e+00
   3.5272698e+00
   3.5599715e+00
   3.5499573e+00
   3.6028222e+00
   3.6045346e+00
   3.6002063e+00
   3.6023595e+00
   3.6599923e+00
   3.6114529e+00
   3.4627477e+00
   3.4385884e+00
   3.6055147e+00
   3.4654809e+00
   3.4208458e+00
   3.5430404e+00
   3.5017356e+00
   3.6098062e+00
   3.6351842e+00
   3.6707929e+00
   3.6395796e+00
   3.6780576e+00
   3.7490721e+00
   3.7467452e+00
   3.7705113e+00
   3.5804271e+00
   3.7146586e+00
   3.6766046e+00
   3.7844707e+00
   3.7893442e+00
   3.7545219e+00
   3.5771873e+00
   3.4740660e+00
   3.5462707e+00
   3.5369103e+00
   3.5874533e+00
   3.6198036e+00
   3.6590968e+00
   3.5600809e+00
   3.4474662e+00
   3.3175157e+00
   3.1699986e+00
   3.0580617e+00
   3.1464856e+00
   2.8189842e+00
   3.0366507e+00
   3.0238735e+00
   3.0589548e+00
   3.1830240e+00
   3.5281903e+00
   3.5073627e+00
   3.4024670e+00
   3.1482889e+00
   3.1210420e+00
   3.0498453e+00
   3.1841568e+00
   3.2323111e+00
   3.2929499e+00
   3.2744823e+00
   2.9459657e+00
   3.3378949e+00
   2.9783589e+00
   3.4082264e+00
   3.1421174e+00
   3.5376380e+00
   3.6385492e+00
   3.7142263e+00
   3.6841005e+00
   3.6684457e+00
   3.6600220e+00
   3.6538032e+00
   3.6459298e+00
   3.6424075e+00
   3.6393649e+00
   3.6426788e+00
   3.6459927e+00
   3.6553586e+00
   3.6759447e+00
   3.6969859e+00
   3.7222760e+00
   3.7475660e+00
   3.7728560e+00
   3.7982449e+00
   3.8240195e+00
   3.8497940e+00
   3.8734956e+00
   3.8834372e+00
   3.8933788e+00
   3.9038947e+00
   3.9237779e+00
   3.9436611e+00
   3.9635443e+00
   3.9859653e+00
   4.0084259e+00
   4.0308866e+00
   4.0486488e+00
   4.0659545e+00
   4.0832603e+00
   4.0923723e+00
   4.0999038e+00
   4.0998029e+00
   4.0942798e+00
   4.0887567e+00
   4.0832336e+00
   4.0649707e+00
   4.0410372e+00
   4.0171038e+00
   3.9938539e+00
   3.9710250e+00
   3.9481961e+00
   3.9368198e+00
   3.9349788e+00
   3.9331378e+00
   3.9279910e+00
   3.9191540e+00
   3.9103170e+00
   3.9160379e+00
   3.9436535e+00
   3.9712690e+00
   3.9729028e+00
   3.9803959e+00
   3.9765846e+00
   3.9731869e+00
   3.9895330e+00
   4.0211376e+00
   4.0392132e+00
   4.0621028e+00
   4.1106405e+00
   4.1392894e+00
   4.1511183e+00
   4.1776345e+00
   4.2374185e+00
   4.2687162e+00
   4.1477964e+00
   4.0488193e+00
   3.9676384e+00
   3.9035670e+00
   3.8554798e+00
   3.8097463e+00
   3.7565236e+00
   3.7144034e+00
   3.6695854e+00
   3.6342574e+00
   3.6482426e+00
   3.7291165e+00
   3.7791084e+00
   3.8094855e+00
   3.8229928e+00
   3.8264867e+00
   3.8290068e+00
   3.8291094e+00
   3.8249106e+00
   3.8258340e+00
   3.8268382e+00
   3.8336100e+00
   3.8359842e+00
   3.8381965e+00
   3.8428519e+00
   3.8472997e+00
   3.8472997e+00
   3.8472997e+00
   3.8568285e+00
   3.8590321e+00
   3.8596923e+00
   3.8594497e+00
   3.8568119e+00
   3.8591790e+00
   3.8647021e+00
   3.8706634e+00
   3.8804341e+00
   3.8943300e+00
   3.9050522e+00
   3.9099139e+00
   3.9198420e+00
   3.9290471e+00
   3.9381005e+00
   3.9479871e+00
   3.9547475e+00
   3.9587643e+00
   3.9626816e+00
   3.9662499e+00
   3.9682583e+00
   3.9731020e+00
   3.9650391e+00
   3.9651558e+00
   3.9745699e+00
   3.9831755e+00
   3.9870970e+00
   3.9931222e+00
   4.0050239e+00
   4.0162223e+00
   4.0229156e+00
   4.0284159e+00
   4.0385965e+00
   4.0519750e+00
   4.0510281e+00
   4.0560491e+00
   4.0631383e+00
   4.0696276e+00
   4.0730087e+00
   4.0739795e+00
   4.0750855e+00
   4.0765674e+00
   4.0665254e+00
   4.0749745e+00
   4.0788282e+00
   4.0787062e+00
   4.0803166e+00
   4.0826646e+00
   4.0792693e+00
   4.0792693e+00
   4.0716290e+00
   4.0550426e+00
   4.0595348e+00
   4.0711570e+00
   4.0753076e+00
   4.0827765e+00
   4.0837807e+00
   4.0689550e+00
   4.0702702e+00
   4.0720218e+00
   4.0800463e+00
   4.0977488e+00
   4.1143476e+00
   4.1143671e+00
   4.1153713e+00
   4.1172718e+00
   4.0939040e+00
   4.0885455e+00
   4.0960365e+00
   4.1007735e+00
   4.1038763e+00
   4.1020353e+00
   4.1037618e+00
   4.1057702e+00
   4.1077786e+00
   4.1076841e+00
   4.1185244e+00
   4.1513360e+00
   4.1608688e+00
   4.1628772e+00
   4.1630046e+00
   4.1651354e+00
   4.1687310e+00
   4.1713811e+00
   4.1726588e+00
   4.1744182e+00
   4.1754224e+00
   4.1676532e+00
   4.1655519e+00
   4.1540461e+00
   4.1372135e+00
   4.1191378e+00
   4.1015325e+00
   4.0844231e+00
   4.0586486e+00
   4.0352255e+00
   4.0083567e+00
   3.9902722e+00
   3.9796376e+00
   3.9720943e+00
   3.9693660e+00
   3.9684061e+00
   3.9704145e+00
   3.9724229e+00
   3.9715016e+00
   3.9754460e+00
   3.9836704e+00
   3.9876273e+00
   3.9842184e+00
   3.9842184e+00
   3.9545881e+00
   3.9416198e+00
   3.9369423e+00
   3.9339297e+00
   3.9249123e+00
   3.9086178e+00
   3.8986324e+00
   3.9056618e+00
   3.9070766e+00
   3.8894870e+00
   3.8992345e+00
   3.9160860e+00
   3.9150283e+00
   3.8861657e+00
   3.8178792e+00
   3.8178792e+00
   3.7494008e+00
   3.7113167e+00
   3.6907440e+00
   3.6758932e+00
   3.6708467e+00
   3.6764344e+00
   3.6764344e+00
   3.6842739e+00
   3.7468729e+00
   3.7829141e+00
   3.8295488e+00
   3.8083584e+00
   3.7663233e+00
   3.7911092e+00
   3.8207219e+00
   3.8135365e+00
   3.8164773e+00
   3.8304252e+00
   3.8370530e+00
   3.8436807e+00
   3.8460395e+00
   3.8399264e+00
   3.8039114e+00
   3.7593311e+00
   3.7420410e+00
   3.7640712e+00
   3.8181258e+00
   3.8493640e+00
   3.8145987e+00
   3.7744822e+00
   3.7977998e+00
   3.8446592e+00
   3.8484175e+00
   3.7915983e+00
   3.7357195e+00
   3.7317447e+00
   3.7477226e+00
   3.7461906e+00
   3.7609993e+00
   3.8192540e+00
   3.8742602e+00
   3.8359283e+00
   3.7001249e+00
   3.6031679e+00
   3.6441686e+00
   3.7285216e+00
   3.7459605e+00
   3.7596368e+00
   3.7426602e+00
   3.7219764e+00
   3.7103811e+00
   3.7103664e+00
   3.7076049e+00
   3.6998426e+00
   3.6961355e+00
   3.6975945e+00
   3.7012765e+00
   3.6768266e+00
   3.6405616e+00
   3.6109445e+00
   3.6010163e+00
   3.6146116e+00
   3.6220285e+00
   3.6261353e+00
   3.6329443e+00
   3.6452934e+00
   3.6526575e+00
   3.6351478e+00
   3.6245549e+00
   3.6309913e+00
   3.6620893e+00
   3.6897049e+00
   3.6903336e+00
   3.6745830e+00
   3.6515702e+00
   3.6388246e+00
   3.6439686e+00
   3.6542951e+00
   3.6642155e+00
   3.6705151e+00
   3.6686740e+00
   3.6559099e+00
   3.6387625e+00
   3.6237310e+00
   3.6174771e+00
   3.6257618e+00
   3.6365134e+00
   3.6423900e+00
   3.6441839e+00
   3.6458799e+00
   3.6421979e+00
   3.6271548e+00
   3.6058271e+00
   3.5829738e+00
   3.5636429e+00
   3.5488279e+00
   3.5343125e+00
   3.5228428e+00
   3.5182906e+00
   3.5256547e+00
   3.5324741e+00
   3.5297705e+00
   3.5166341e+00
   3.4961238e+00
   3.4740314e+00
   3.4527119e+00
   3.4356465e+00
   3.4252283e+00
   3.4258664e+00
   3.4387536e+00
   3.4452520e+00
   3.4456109e+00
   3.4402923e+00
   3.4328431e+00
   3.4226466e+00
   3.4105711e+00
   3.4025330e+00
   3.4029893e+00
   3.4223202e+00
   3.4449947e+00
   3.4610379e+00
   3.4722350e+00
   3.4810622e+00
   3.4939494e+00
   3.5021805e+00
   3.4973667e+00
   3.4790192e+00
   3.4536069e+00
   3.4315145e+00
   3.4065991e+00
   3.3846300e+00
   3.3671308e+00
   3.3542436e+00
   3.3638274e+00
   3.3924180e+00
   3.4200481e+00
   3.4327380e+00
   3.4244533e+00
   3.4257231e+00
   3.4349934e+00
   3.4473431e+00
   3.4567722e+00
   3.4627202e+00
   3.4690820e+00
   3.4693917e+00
   3.4578180e+00
   3.4326719e+00
   3.3967717e+00
   3.3790623e+00
   3.3751628e+00
   3.3792629e+00
   3.3761839e+00
   3.3608892e+00
   3.3466258e+00
   3.3333112e+00
   3.3195699e+00
   3.2993184e+00
   3.2840566e+00
   3.2910478e+00
   3.3170116e+00
   3.3524351e+00
   3.3791302e+00
   3.3762205e+00
   3.3589436e+00
   3.3316827e+00
   3.3007284e+00
   3.2641909e+00
   3.2253333e+00
   3.1964263e+00
   3.1793313e+00
   3.1719671e+00
   3.1610249e+00
   3.1465612e+00
   3.1354551e+00
   3.1295573e+00
   3.1277162e+00
   3.1235826e+00
   3.1139731e+00
   3.0902795e+00
   3.0516586e+00
   3.0227684e+00
   3.0339186e+00
   3.0565693e+00
   3.0712342e+00
   3.0690459e+00
   3.0754895e+00
   3.0879044e+00
   3.0887397e+00
   3.0777653e+00
   3.0593842e+00
   3.0423900e+00
   3.0282252e+00
   3.0182999e+00
   3.0113831e+00
   3.0028860e+00
   2.9912707e+00
   2.9749903e+00
   2.9560813e+00
   2.9360617e+00
   2.9121282e+00
   2.8860780e+00
   2.8534951e+00
   2.8131172e+00
   2.7675576e+00
   2.7267715e+00
   2.7022334e+00
   2.6945680e+00
   2.6998048e+00
   2.7108510e+00
   2.7094343e+00
   2.6926517e+00
   2.6640775e+00
   2.6298655e+00
   2.5985679e+00
   2.5888756e+00
   2.5833440e+00
   2.5778825e+00
   2.5737093e+00
   2.5915532e+00
   2.6159451e+00
   2.6071332e+00
   2.5695858e+00
   2.5237248e+00
   2.5016324e+00
   2.5114499e+00
   2.5516933e+00
   2.5937001e+00
   2.5897684e+00
   2.5858367e+00
   2.5819050e+00
   2.5779733e+00
   2.5740416e+00
   2.5742374e+00
   2.5908067e+00
   2.6073761e+00
   2.6239454e+00
   2.6405147e+00
   2.6570841e+00
   2.6736534e+00
   2.6902228e+00
   2.7066523e+00
   2.7008530e+00
   2.6950537e+00
   2.6892545e+00
   2.6834552e+00
   2.6776559e+00
   2.6718567e+00
   2.6660574e+00
   2.6602581e+00
   2.6453865e+00
   2.6284030e+00
   2.6114194e+00
   2.5944358e+00
   2.5774523e+00
   2.5604687e+00
   2.5434851e+00
   2.5265016e+00
   2.5079017e+00
   2.4882947e+00
   2.4686876e+00
   2.4490806e+00
   2.4294735e+00
   2.4098665e+00
   2.3902594e+00
   2.3706524e+00
   2.3561028e+00
   2.3485085e+00
   2.3409142e+00
   2.3333199e+00
   2.3257257e+00
   2.3181314e+00
   2.3105371e+00
   2.3029428e+00
   2.2953173e+00
   2.2875850e+00
   2.2798526e+00
   2.2721203e+00
   2.2643879e+00
   2.2566556e+00
   2.2489232e+00
   2.2411909e+00
   2.2335479e+00
   2.2287152e+00
   2.2238825e+00
   2.2190498e+00
   2.2142170e+00
   2.2093843e+00
   2.2045516e+00
   2.1997189e+00
   2.1948861e+00
   2.1992854e+00
   2.2054989e+00
   2.2117124e+00
   2.2179259e+00
   2.2241394e+00
   2.2303529e+00
   2.2365664e+00
   2.2427799e+00
   2.2501434e+00
   2.2581519e+00
   2.2661604e+00
   2.2741690e+00
   2.2821775e+00
   2.2901860e+00
   2.2981945e+00
   2.3062030e+00
   2.3062130e+00
   2.2962714e+00
   2.2863298e+00
   2.2786599e+00
   2.2748177e+00
   2.2713176e+00
   2.2883890e+00
   2.3054604e+00
   2.3054821e+00
   2.3001991e+00
   2.3078050e+00
   2.3342199e+00
   2.3595030e+00
   2.3635198e+00
   2.3675366e+00
   2.3828958e+00
   2.4011461e+00
   2.4117751e+00
   2.4127356e+00
   2.4156139e+00
   2.4392127e+00
   2.4628114e+00
   2.4532274e+00
   2.4368982e+00
   2.4326179e+00
   2.4416557e+00
   2.4509254e+00
   2.4610111e+00
   2.4710968e+00
   2.4929829e+00
   2.4909631e+00
   2.4850718e+00
   2.4765858e+00
   2.4653438e+00
   2.4366236e+00
   2.4113105e+00
   2.3892181e+00
   2.4131948e+00
   2.4447266e+00
   2.4844930e+00
   2.4942913e+00
   2.4908989e+00
   2.4702793e+00
   2.4521080e+00
   2.4368514e+00
   2.4273832e+00
   2.4260620e+00
   2.4296395e+00
   2.4406858e+00
   2.4476735e+00
   2.4520878e+00
   2.4520878e+00
   2.4589245e+00
   2.4694132e+00
   2.4841415e+00
   2.4899013e+00
   2.4899457e+00
   2.4840544e+00
   2.4794176e+00
   2.4757125e+00
   2.4712940e+00
   2.4667194e+00
   2.4624056e+00
   2.4646148e+00
   2.4683674e+00
   2.4735224e+00
   2.4684976e+00
   2.4620148e+00
   2.4539142e+00
   2.4586053e+00
   2.4700587e+00
   2.4906783e+00
   2.5051042e+00
   2.5127539e+00
   2.5075990e+00
   2.4979201e+00
   2.4883487e+00
   2.4817209e+00
   2.4721579e+00
   2.4618481e+00
   2.4515383e+00
   2.4460272e+00
   2.4449680e+00
   2.4552778e+00
   2.4814051e+00
   2.5153432e+00
   2.5440634e+00
   2.5451296e+00
   2.5249223e+00
   2.4800010e+00
   2.4354512e+00
   2.3912664e+00
   2.3745769e+00
   2.3766562e+00
   2.3943301e+00
   2.4171450e+00
   2.4348849e+00
   2.4466675e+00
   2.4496032e+00
   2.4515270e+00
   2.4529999e+00
   2.4569793e+00
   2.4604718e+00
   2.4619446e+00
   2.4559712e+00
   2.4459165e+00
   2.4297154e+00
   2.4140332e+00
   2.4002394e+00
   2.3947163e+00
   2.3954087e+00
   2.3993717e+00
   2.4074722e+00
   2.4141130e+00
   2.4198214e+00
   2.4242399e+00
   2.4273602e+00
   2.4293815e+00
   2.4279086e+00
   2.4237838e+00
   2.4171560e+00
   2.4076478e+00
   2.3977494e+00
   2.3874396e+00
   2.3824598e+00
   2.3808300e+00
   2.3839860e+00
   2.3876334e+00
   2.3901448e+00
   2.3908812e+00
   2.3935194e+00
   2.3976591e+00
   2.4042869e+00
   2.4120748e+00
   2.4207301e+00
   2.4310399e+00
   2.4313518e+00
   2.4243933e+00
   2.4023008e+00
   2.3791962e+00
   2.3601263e+00
   2.3586535e+00
   2.3680463e+00
   2.3813921e+00
   2.3858106e+00
   2.3823087e+00
   2.3739654e+00
   2.3732290e+00
   2.3778986e+00
   2.3874720e+00
   2.3985003e+00
   2.4085497e+00
   2.4173866e+00
   2.4248765e+00
   2.4311271e+00
   2.4355455e+00
   2.4276148e+00
   2.4134366e+00
   2.3935534e+00
   2.3813650e+00
   2.3735181e+00
   2.3720452e+00
   2.3717471e+00
   2.3721316e+00
   2.3736044e+00
   2.3724098e+00
   2.3700622e+00
   2.3671165e+00
   2.3704059e+00
   2.3771181e+00
   2.3844823e+00
   2.3839397e+00
   2.3764157e+00
   2.3616874e+00
   2.3469591e+00
   2.3322830e+00
   2.3182911e+00
   2.3102008e+00
   2.3072551e+00
   2.3116565e+00
   2.3164146e+00
   2.3215695e+00
   2.3205969e+00
   2.3182670e+00
   2.3145849e+00
   2.3171725e+00
   2.3208545e+00
   2.3245366e+00
   2.3192130e+00
   2.3122640e+00
   2.3071090e+00
   2.3084953e+00
   2.3106430e+00
   2.3106430e+00
   2.3019905e+00
   2.2902078e+00
   2.2784252e+00
   2.2729724e+00
   2.2713137e+00
   2.2735229e+00
   2.2783304e+00
   2.2849581e+00
   2.2915859e+00
   2.2936637e+00
   2.2914544e+00
   2.2836875e+00
   2.2816938e+00
   2.2846618e+00
   2.2905531e+00
   2.2936696e+00
   2.2936696e+00
   2.2936696e+00
   2.2942555e+00
   2.2957284e+00
   2.2952984e+00
   2.2945620e+00
   2.2938256e+00
   2.2936696e+00
   2.2940665e+00
   2.2956445e+00
   2.2959327e+00
   2.2953123e+00
   2.2931031e+00
   2.2892496e+00
   2.2852899e+00
   2.2830806e+00
   2.2848250e+00
   2.2880118e+00
   2.2880118e+00
   2.2831682e+00
   2.2752032e+00
   2.2693119e+00
   2.2696038e+00
   2.2754951e+00
   2.2821141e+00
   2.2836107e+00
   2.2788049e+00
   2.2699679e+00
   2.2632558e+00
   2.2588373e+00
   2.2481601e+00
   2.2356125e+00
   2.2208842e+00
   2.2132128e+00
   2.2088027e+00
   2.2088027e+00
   2.2146794e+00
   2.2270491e+00
   2.2535601e+00
   2.2854090e+00
   2.3165110e+00
   2.3356578e+00
   2.3433550e+00
   2.3428274e+00
   2.3347268e+00
   2.3206084e+00
   2.3032455e+00
   2.2833623e+00
   2.2661648e+00
   2.2512772e+00
   2.2439131e+00
   2.2365489e+00
   2.2291848e+00
   2.2218206e+00
   2.2147963e+00
   2.2081686e+00
   2.1988163e+00
   2.1892429e+00
   2.1796695e+00
   2.1762344e+00
   2.1763937e+00
   2.1800758e+00
   2.1805137e+00
   2.1782305e+00
   2.1716028e+00
   2.1608104e+00
   2.1474292e+00
   2.1297553e+00
   2.1153278e+00
   2.1035318e+00
   2.0976404e+00
   2.0985701e+00
   2.1027321e+00
   2.1050991e+00
   2.1037957e+00
   2.1000547e+00
   2.0919541e+00
   2.0843084e+00
   2.0769443e+00
   2.0695801e+00
   2.0634191e+00
   2.0582818e+00
   2.0553362e+00
   2.0513490e+00
   2.0461941e+00
   2.0424161e+00
   2.0404937e+00
   2.0412301e+00
   2.0447314e+00
   2.0479343e+00
   2.0501436e+00
   2.0503845e+00
   2.0514283e+00
   2.0543740e+00
   2.0603309e+00
   2.0663373e+00
   2.0707558e+00
   2.0707873e+00
   2.0697742e+00
   2.0705106e+00
   2.0672910e+00
   2.0600496e+00
   2.0394300e+00
   2.0170479e+00
   1.9944508e+00
   1.9865606e+00
   1.9877822e+00
   1.9941417e+00
   1.9978238e+00
   1.9961978e+00
   1.9901088e+00
   1.9731713e+00
   1.9548160e+00
   1.9349328e+00
   1.9247896e+00
   1.9161179e+00
   1.9087538e+00
   1.8949712e+00
   1.8807363e+00
   1.8674808e+00
   1.8624569e+00
   1.8606958e+00
   1.8622738e+00
   1.8631552e+00
   1.8636773e+00
   1.8636773e+00
   1.8625659e+00
   1.8610931e+00
   1.8596203e+00
   1.8556385e+00
   1.8493105e+00
   1.8360550e+00
   1.8129454e+00
   1.7790561e+00
   1.6877406e+00
   1.5885443e+00
   1.4825006e+00
   1.5455789e+00
   1.6507271e+00
   1.8006988e+00
   1.8146906e+00
   1.8033612e+00
   1.7658040e+00
   1.7549610e+00
   1.7503134e+00
   1.7525227e+00
   1.7495388e+00
   1.7448408e+00
   1.7382131e+00
   1.7369427e+00
   1.7343412e+00
   1.7247678e+00
   1.6955498e+00
   1.6595401e+00
   1.6241922e+00
   1.6198065e+00
   1.6296600e+00
   1.6554345e+00
   1.6715366e+00
   1.6820660e+00
   1.6857480e+00
   1.6866989e+00
   1.6844009e+00
   1.6645177e+00
   1.6446345e+00
   1.6249740e+00
   1.6316018e+00
   1.6396193e+00
   1.6491927e+00
   1.6424334e+00
   1.6396041e+00
   1.6418134e+00
   1.6383403e+00
   1.6366637e+00
   1.6376679e+00
   1.6362368e+00
   1.6232695e+00
   1.6103022e+00
   1.6108208e+00
   1.6143355e+00
   1.6130312e+00
   1.6080102e+00
   1.6048490e+00
   1.6058095e+00
   1.6067700e+00
   1.6024986e+00
   1.5979797e+00
   1.6057831e+00
   1.6188378e+00
   1.6260499e+00
   1.6260499e+00
   1.6253611e+00
   1.6178296e+00
   1.6102981e+00
   1.6137038e+00
   1.6192270e+00
   1.6072154e+00
   1.5827216e+00
   1.5598061e+00
   1.5422326e+00
   1.5246591e+00
   1.5134459e+00
   1.5023997e+00
   1.4892764e+00
   1.4753486e+00
   1.4606405e+00
   1.4445733e+00
   1.4293982e+00
   1.4213645e+00
   1.4133309e+00
   1.4109500e+00
   1.4095092e+00
   1.4080355e+00
   1.4065292e+00
   1.3979348e+00
   1.3678088e+00
   1.3376827e+00
   1.3599618e+00
   1.3825563e+00
   1.3862962e+00
   1.3834242e+00
   1.3805522e+00
   1.3776802e+00
   1.3748082e+00
   1.3719361e+00
   1.3690641e+00
   1.3661921e+00
   1.3633201e+00
   1.3604481e+00
   1.3588375e+00
   1.3585061e+00
   1.3581747e+00
   1.3578434e+00
   1.3575120e+00
   1.3571806e+00
   1.3568492e+00
   1.3565178e+00
   1.3561864e+00
   1.3558550e+00
   1.3545468e+00
   1.3503492e+00
   1.3461517e+00
   1.3419541e+00
   1.3377565e+00
   1.3335590e+00
   1.3293614e+00
   1.3251639e+00
   1.3209663e+00
   1.3167687e+00
   1.3126519e+00
   1.3176227e+00
   1.3225935e+00
   1.3275643e+00
   1.3325351e+00
   1.3375059e+00
   1.3424767e+00
   1.3474475e+00
   1.3524183e+00
   1.3573891e+00
   1.3623599e+00
   1.3642888e+00
   1.3652829e+00
   1.3662771e+00
   1.3672713e+00
   1.3682654e+00
   1.3692596e+00
   1.3702537e+00
   1.3712479e+00
   1.3722421e+00
   1.3732362e+00
   1.3706615e+00
   1.3648070e+00
   1.3589525e+00
   1.3530980e+00
   1.3472435e+00
   1.3413890e+00
   1.3355345e+00
   1.3296800e+00
   1.3238255e+00
   1.3179710e+00
   1.3085390e+00
   1.2897813e+00
   1.2710236e+00
   1.2522658e+00
   1.2335081e+00
   1.2147504e+00
   1.1978484e+00
   1.1812791e+00
   1.2022313e+00
   1.2326084e+00
   1.2471693e+00
   1.2564714e+00
   1.2378631e+00
   1.2124568e+00
   1.1828785e+00
   1.1519491e+00
   1.1330397e+00
   1.1191215e+00
   1.1271481e+00
   1.1465895e+00
   1.1747097e+00
   1.2084006e+00
   1.2297298e+00
   1.2413574e+00
   1.2431334e+00
   1.2387149e+00
   1.2411639e+00
   1.2488963e+00
   1.2591956e+00
   1.2718988e+00
   1.2758203e+00
   1.2697448e+00
   1.2634381e+00
   1.2568103e+00
   1.2524311e+00
   1.2518788e+00
   1.2488886e+00
   1.2407492e+00
   1.2313127e+00
   1.2197142e+00
   1.2124400e+00
   1.2140969e+00
   1.2186655e+00
   1.2308163e+00
   1.2434724e+00
   1.2578325e+00
   1.2713976e+00
   1.2813392e+00
   1.2896720e+00
   1.2873465e+00
   1.2846341e+00
   1.2802156e+00
   1.2767740e+00
   1.2795355e+00
   1.2822007e+00
   1.2838576e+00
   1.2854295e+00
   1.2848772e+00
   1.2843248e+00
   1.2815860e+00
   1.2788244e+00
   1.2651491e+00
   1.2507890e+00
   1.2207122e+00
   1.1887363e+00
   1.1594742e+00
   1.1303674e+00
   1.1238046e+00
   1.1198279e+00
   1.1337025e+00
   1.1507689e+00
   1.1621387e+00
   1.1720803e+00
   1.1701931e+00
   1.1643793e+00
   1.1610209e+00
   1.1582593e+00
   1.1630104e+00
   1.1701904e+00
   1.1777609e+00
   1.1854933e+00
   1.1899542e+00
   1.1927157e+00
   1.1921117e+00
   1.1893501e+00
   1.1841116e+00
   1.1769315e+00
   1.1695581e+00
   1.1620001e+00
   1.1593408e+00
   1.1604454e+00
   1.1661163e+00
   1.1760579e+00
   1.1859995e+00
   1.1959411e+00
   1.2019469e+00
   1.2024992e+00
   1.1997782e+00
   1.1914936e+00
   1.1834426e+00
   1.1758847e+00
   1.1715779e+00
   1.1726825e+00
   1.1752299e+00
   1.1807530e+00
   1.1856625e+00
   1.1889764e+00
   1.1921637e+00
   1.1949253e+00
   1.1977864e+00
   1.2011003e+00
   1.2039021e+00
   1.2033207e+00
   1.2021312e+00
   1.1982651e+00
   1.1942483e+00
   1.1892775e+00
   1.1845485e+00
   1.1823393e+00
   1.1802372e+00
   1.1807895e+00
   1.1813418e+00
   1.1824410e+00
   1.1835456e+00
   1.1836105e+00
   1.1836105e+00
   1.1815349e+00
   1.1792094e+00
   1.1702004e+00
   1.1608111e+00
   1.1524131e+00
   1.1441284e+00
   1.1447492e+00
   1.1469584e+00
   1.1496094e+00
   1.1523710e+00
   1.1534732e+00
   1.1540255e+00
   1.1541899e+00
   1.1541899e+00
   1.1537724e+00
   1.1532201e+00
   1.1522772e+00
   1.1511725e+00
   1.1515226e+00
   1.1526272e+00
   1.1547420e+00
   1.1575036e+00
   1.1574770e+00
   1.1552677e+00
   1.1505128e+00
   1.1433328e+00
   1.1369743e+00
   1.1315675e+00
   1.1301841e+00
   1.1325590e+00
   1.1371840e+00
   1.1443640e+00
   1.1508490e+00
   1.1563721e+00
   1.1582097e+00
   1.1537912e+00
   1.1476124e+00
   1.1377260e+00
   1.1283979e+00
   1.1205551e+00
   1.1145505e+00
   1.1148993e+00
   1.1165641e+00
   1.1216454e+00
   1.1262327e+00
   1.1291600e+00
   1.1313394e+00
   1.1301243e+00
   1.1286545e+00
   1.1255063e+00
   1.1222619e+00
   1.1179539e+00
   1.1137694e+00
   1.1130717e+00
   1.1127801e+00
   1.1167015e+00
   1.1205775e+00
   1.1233391e+00
   1.1261006e+00
   1.1236112e+00
   1.1210705e+00
   1.1170218e+00
   1.1128794e+00
   1.1103644e+00
   1.1080446e+00
   1.1068977e+00
   1.1059675e+00
   1.1058228e+00
   1.1057676e+00
   1.1061812e+00
   1.1066783e+00
   1.1071312e+00
   1.1075730e+00
   1.1086374e+00
   1.1099077e+00
   1.1120705e+00
   1.1146112e+00
   1.1165018e+00
   1.1180482e+00
   1.1176036e+00
   1.1158595e+00
   1.1120626e+00
   1.1072022e+00
   1.1036558e+00
   1.1009495e+00
   1.1006608e+00
   1.1022625e+00
   1.1038359e+00
   1.1053824e+00
   1.1049570e+00
   1.1022507e+00
   1.0980380e+00
   1.0917009e+00
   1.0869098e+00
   1.0838721e+00
   1.0830602e+00
   1.0853247e+00
   1.0878966e+00
   1.0909895e+00
   1.0928722e+00
   1.0922094e+00
   1.0908971e+00
   1.0878594e+00
   1.0850993e+00
   1.0832970e+00
   1.0826884e+00
   1.0851738e+00
   1.0883693e+00
   1.0939477e+00
   1.0989867e+00
   1.1015825e+00
   1.1031791e+00
   1.0982083e+00
   1.0929844e+00
   1.0849759e+00
   1.0770894e+00
   1.0726127e+00
   1.0685553e+00
   1.0688314e+00
   1.0692448e+00
   1.0730005e+00
   1.0767562e+00
   1.0811138e+00
   1.0854770e+00
   1.0897883e+00
   1.0940963e+00
   1.0980590e+00
   1.1019805e+00
   1.1036708e+00
   1.1049498e+00
   1.1058242e+00
   1.1066527e+00
   1.1083724e+00
   1.1102502e+00
   1.1101386e+00
   1.1095310e+00
   1.1055606e+00
   1.1004793e+00
   1.0948157e+00
   1.0889060e+00
   1.0850918e+00
   1.0823855e+00
   1.0808248e+00
   1.0800109e+00
   1.0780589e+00
   1.0755183e+00
   1.0727417e+00
   1.0698145e+00
   1.0682828e+00
   1.0678410e+00
   1.0675124e+00
   1.0672915e+00
   1.0667630e+00
   1.0658793e+00
   1.0644936e+00
   1.0624006e+00
   1.0608487e+00
   1.0599098e+00
   1.0602238e+00
   1.0622674e+00
   1.0645570e+00
   1.0672633e+00
   1.0692214e+00
   1.0696080e+00
   1.0690117e+00
   1.0658083e+00
   1.0626919e+00
   1.0598751e+00
   1.0567658e+00
   1.0522892e+00
   1.0462386e+00
   1.0349162e+00
   1.0234638e+00
   1.0114234e+00
   1.0008306e+00
   9.9972602e-01
   9.9953108e-01
   1.0093070e+00
   1.0190829e+00
   1.0288588e+00
   1.0386347e+00
   1.0422106e+00
   1.0455142e+00
   1.0443543e+00
   1.0431945e+00
   1.0409947e+00
   1.0387855e+00
   1.0366803e+00
   1.0345815e+00
   1.0343085e+00
   1.0342533e+00
   1.0373237e+00
   1.0409689e+00
   1.0429877e+00
   1.0445895e+00
   1.0436914e+00
   1.0419473e+00
   1.0411575e+00
   1.0406052e+00
   1.0410913e+00
   1.0419197e+00
   1.0416607e+00
   1.0409427e+00
   1.0397909e+00
   1.0384101e+00
   1.0381333e+00
   1.0385752e+00
   1.0377024e+00
   1.0357839e+00
   1.0317993e+00
   1.0264971e+00
   1.0220638e+00
   1.0183081e+00
   1.0167343e+00
   1.0172313e+00
   1.0196773e+00
   1.0243719e+00
   1.0287682e+00
   1.0327449e+00
   1.0355062e+00
   1.0361689e+00
   1.0362512e+00
   1.0350885e+00
   1.0335573e+00
   1.0314033e+00
   1.0290710e+00
   1.0263647e+00
   1.0228257e+00
   1.0170817e+00
   1.0108398e+00
   1.0028865e+00
   9.9569388e-01
   9.9204863e-01
   9.8894348e-01
   9.8952486e-01
   9.9040163e-01
   9.9261087e-01
   9.9472485e-01
   9.9621609e-01
   9.9767952e-01
   9.9883937e-01
   9.9999340e-01
   1.0009876e+00
   1.0019817e+00
   1.0017774e+00
   1.0015564e+00
   1.0011611e+00
   1.0007541e+00
   9.9976508e-01
   9.9877092e-01
   9.9715209e-01
   9.9549516e-01
   9.9556588e-01
   9.9584204e-01
   9.9719156e-01
   9.9873803e-01
   9.9949296e-01
   1.0000453e+00
   9.9684104e-01
   9.9236732e-01
   9.8334235e-01
   9.7235427e-01
   9.5725043e-01
   9.4079155e-01
   9.2697500e-01
   9.1427184e-01
   9.1024803e-01
   9.1080034e-01
   9.1587114e-01
   9.2387965e-01
   9.3053561e-01
   9.3611686e-01
   9.3967189e-01
   9.4193636e-01
   9.4264848e-01
   9.4215140e-01
   9.4100219e-01
   9.3923480e-01
   9.3700552e-01
   9.3424397e-01
   9.3155131e-01
   9.2895545e-01
   9.2692722e-01
   9.2587782e-01
   9.2454717e-01
   9.2261408e-01
   9.2106096e-01
   9.2053772e-01
   9.1979089e-01
   9.1857580e-01
   9.1513283e-01
   9.0579877e-01
   8.9584161e-01
   8.8374599e-01
   8.7263699e-01
   8.6611972e-01
   8.6061600e-01
   8.6201132e-01
   8.6400632e-01
   8.6870097e-01
   8.7294020e-01
   8.7421052e-01
   8.7515987e-01
   8.7261924e-01
   8.7000029e-01
   8.6525041e-01
   8.6050054e-01
   8.5444277e-01
   8.4836735e-01
   8.4679868e-01
   8.4552837e-01
   8.5035005e-01
   8.5593130e-01
   8.6031214e-01
   8.6462017e-01
   8.6522480e-01
   8.6539049e-01
   8.6462249e-01
   8.6368356e-01
   8.6089699e-01
   8.5763836e-01
   8.4913491e-01
   8.3886192e-01
   8.2699195e-01
   8.1443414e-01
   8.0854255e-01
   8.0484207e-01
   8.0650627e-01
   8.1042768e-01
   8.1463854e-01
   8.1900180e-01
   8.2259485e-01
   8.2568779e-01
   8.2791851e-01
   8.2946498e-01
   8.3075707e-01
   8.3180356e-01
   8.3195082e-01
   8.3139851e-01
   8.2945604e-01
   8.2619741e-01
   8.2463344e-01
   8.2502006e-01
   8.2639495e-01
   8.2915651e-01
   8.3001085e-01
   8.2758068e-01
   8.2495696e-01
   8.2191925e-01
   8.1949723e-01
   8.1874144e-01
   8.1658643e-01
   8.1150516e-01
   8.0527077e-01
   7.9599195e-01
   7.8774888e-01
   7.8305424e-01
   7.7978826e-01
   7.8315736e-01
   7.8668957e-01
   7.9132898e-01
   7.9565914e-01
   7.9641493e-01
   7.9697427e-01
   7.9625627e-01
   7.9527682e-01
   7.9146587e-01
   7.8754038e-01
   7.8052603e-01
   7.7351168e-01
   7.7058576e-01
   7.6771374e-01
   7.6675902e-01
   7.6593055e-01
   7.6343183e-01
   7.6072550e-01
   7.5741068e-01
   7.5398054e-01
   7.4892554e-01
   7.4367859e-01
   7.3922556e-01
   7.3491754e-01
   7.3364608e-01
   7.3314900e-01
   7.2988384e-01
   7.2568628e-01
   7.1859213e-01
   7.1025224e-01
   7.0412282e-01
   6.9918109e-01
   6.9709686e-01
   6.9621316e-01
   6.9956462e-01
   7.0514296e-01
   7.0978318e-01
   7.1381505e-01
   7.1377993e-01
   7.1052129e-01
   7.0855653e-01
   7.0783949e-01
   7.0712246e-01
   7.0640542e-01
   7.0568839e-01
   7.0497135e-01
   7.0356529e-01
   7.0181999e-01
   7.0007469e-01
   6.9832938e-01
   6.9658408e-01
   6.9483878e-01
   6.9309347e-01
   6.9134817e-01
   6.8960287e-01
   6.8785756e-01
   6.8673375e-01
   6.8644654e-01
   6.8615934e-01
   6.8587214e-01
   6.8558494e-01
   6.8529774e-01
   6.8501054e-01
   6.8472333e-01
   6.8443613e-01
   6.8414893e-01
   6.8337017e-01
   6.8038769e-01
   6.7740521e-01
   6.7442273e-01
   6.7144025e-01
   6.6845777e-01
   6.6547529e-01
   6.6249281e-01
   6.5951033e-01
   6.5652785e-01
   6.5354537e-01
   6.5314431e-01
   6.5291234e-01
   6.5268037e-01
   6.5244840e-01
   6.5221643e-01
   6.5198446e-01
   6.5175249e-01
   6.5152052e-01
   6.5128855e-01
   6.5105657e-01
   6.4757871e-01
   6.4267419e-01
   6.3776967e-01
   6.3286514e-01
   6.2796062e-01
   6.2305610e-01
   6.1815158e-01
   6.1324705e-01
   6.0834253e-01
   6.0343801e-01
   6.0011708e-01
   5.9872525e-01
   5.9733343e-01
   5.9594161e-01
   5.9454978e-01
   5.9315796e-01
   5.9176613e-01
   5.9037431e-01
   5.8898249e-01
   5.8759066e-01
   5.8568901e-01
   5.8183388e-01
   5.7797875e-01
   5.7412362e-01
   5.7026849e-01
   5.6641335e-01
   5.6255822e-01
   5.5870309e-01
   5.5484796e-01
   5.5099283e-01
   5.4713770e-01
   5.4882537e-01
   5.5072532e-01
   5.5262527e-01
   5.5452522e-01
   5.5642517e-01
   5.5832512e-01
   5.6022507e-01
   5.6212502e-01
   5.6402497e-01
   5.6592492e-01
   5.6347889e-01
   5.5933655e-01
   5.5519422e-01
   5.5105188e-01
   5.4690955e-01
   5.4276722e-01
   5.3862488e-01
   5.3448255e-01
   5.3034022e-01
   5.2619788e-01
   5.2398284e-01
   5.2389447e-01
   5.2380610e-01
   5.2371774e-01
   5.2362937e-01
   5.2354100e-01
   5.2345263e-01
   5.2336426e-01
   5.2327589e-01
   5.2318752e-01
   5.2267455e-01
   5.2075250e-01
   5.1883046e-01
   5.1690842e-01
   5.1498638e-01
   5.1306433e-01
   5.1114229e-01
   5.0922025e-01
   5.0729820e-01
   5.0537616e-01
   5.0345412e-01
   5.0382326e-01
   5.0422093e-01
   5.0461859e-01
   5.0501625e-01
   5.0541392e-01
   5.0581158e-01
   5.0620925e-01
   5.0660691e-01
   5.0700457e-01
   5.0740224e-01
   5.0711791e-01
   5.0659874e-01
   5.0607957e-01
   5.0556039e-01
   5.0504122e-01
   5.0452205e-01
   5.0400288e-01
   5.0348370e-01
   5.0296453e-01
   5.0244536e-01
   5.0237356e-01
   5.0274913e-01
   5.0312470e-01
   5.0350027e-01
   5.0387584e-01
   5.0425142e-01
   5.0462699e-01
   5.0500256e-01
   5.0537813e-01
   5.0575370e-01
   5.0567090e-01
   5.0425698e-01
   5.0284307e-01
   5.0142915e-01
   5.0001523e-01
   4.9860132e-01
   4.9718740e-01
   4.9577349e-01
   4.9435957e-01
   4.9294565e-01
   4.9154410e-01
   4.9113538e-01
   4.9072667e-01
   4.9031796e-01
   4.8990925e-01
   4.8950054e-01
   4.8909183e-01
   4.8868312e-01
   4.8827441e-01
   4.8786570e-01
   4.8745699e-01
   4.8765096e-01
   4.8802653e-01
   4.8840210e-01
   4.8877767e-01
   4.8915324e-01
   4.8952882e-01
   4.8990439e-01
   4.9027996e-01
   4.9065553e-01
   4.9103110e-01
   4.9061279e-01
   4.8947503e-01
   4.8833727e-01
   4.8719951e-01
   4.8606175e-01
   4.8492399e-01
   4.8378623e-01
   4.8264847e-01
   4.8151071e-01
   4.8037295e-01
   4.7922588e-01
   4.7805498e-01
   4.7688408e-01
   4.7571318e-01
   4.7454228e-01
   4.7337138e-01
   4.7220048e-01
   4.7102958e-01
   4.6985869e-01
   4.6868779e-01
   4.6760245e-01
   4.6875126e-01
   4.6990006e-01
   4.7104887e-01
   4.7219768e-01
   4.7334648e-01
   4.7449529e-01
   4.7564410e-01
   4.7679291e-01
   4.7794171e-01
   4.7909052e-01
   4.8103649e-01
   4.8319050e-01
   4.8534452e-01
   4.8749853e-01
   4.8965254e-01
   4.9180656e-01
   4.9396057e-01
   4.9611458e-01
   4.9826860e-01
   5.0042261e-01
   5.0033813e-01
   4.9841609e-01
   4.9649405e-01
   4.9457201e-01
   4.9264996e-01
   4.9072792e-01
   4.8880588e-01
   4.8688383e-01
   4.8496179e-01
   4.8303975e-01
   4.8145161e-01
   4.8062314e-01
   4.7979467e-01
   4.7896621e-01
   4.7813774e-01
   4.7730927e-01
   4.7648080e-01
   4.7565234e-01
   4.7482387e-01
   4.7399540e-01
   4.7316354e-01
   4.7227985e-01
   4.7139615e-01
   4.7051245e-01
   4.6962875e-01
   4.6874505e-01
   4.6786136e-01
   4.6697766e-01
   4.6609396e-01
   4.6521026e-01
   4.6432656e-01
   4.6010116e-01
   4.5513036e-01
   4.5015956e-01
   4.4518876e-01
   4.4021796e-01
   4.3524716e-01
   4.3027636e-01
   4.2530556e-01
   4.2033476e-01
   4.1536396e-01
   4.1451919e-01
   4.1673948e-01
   4.1895977e-01
   4.2118006e-01
   4.2340036e-01
   4.2562065e-01
   4.2784094e-01
   4.3006123e-01
   4.3228152e-01
   4.3450181e-01
   4.3551218e-01
   4.3406512e-01
   4.3261807e-01
   4.3117101e-01
   4.2972396e-01
   4.2827690e-01
   4.2682985e-01
   4.2538279e-01
   4.2393573e-01
   4.2248868e-01
   4.2093990e-01
   4.1831090e-01
   4.1568190e-01
   4.1305290e-01
   4.1042390e-01
   4.0779489e-01
   4.0516589e-01
   4.0253689e-01
   3.9990789e-01
   3.9727889e-01
   3.9464989e-01
   3.9391876e-01
   3.9354319e-01
   3.9316761e-01
   3.9279204e-01
   3.9241647e-01
   3.9204090e-01
   3.9166533e-01
   3.9128976e-01
   3.9091418e-01
   3.9053861e-01
   3.9028201e-01
   3.9010527e-01
   3.8992854e-01
   3.8975180e-01
   3.8957506e-01
   3.8939832e-01
   3.8922158e-01
   3.8904484e-01
   3.8886810e-01
   3.8869136e-01
   3.8885531e-01
   3.8963959e-01
   3.9042387e-01
   3.9120815e-01
   3.9199244e-01
   3.9277672e-01
   3.9356100e-01
   3.9434528e-01
   3.9512956e-01
   3.9591384e-01
   3.9655389e-01
   3.9603472e-01
   3.9551555e-01
   3.9499637e-01
   3.9447720e-01
   3.9395803e-01
   3.9343886e-01
   3.9291968e-01
   3.9240051e-01
   3.9188134e-01
   3.9136217e-01
   3.9241328e-01
   3.9370569e-01
   3.9499809e-01
   3.9629050e-01
   3.9758291e-01
   3.9887532e-01
   4.0016773e-01
   4.0146013e-01
   4.0275254e-01
   4.0404495e-01
   4.0387165e-01
   4.0281121e-01
   4.0175078e-01
   4.0069034e-01
   3.9962990e-01
   3.9856947e-01
   3.9750903e-01
   3.9644859e-01
   3.9538815e-01
   3.9432772e-01
   3.9345153e-01
   3.9287713e-01
   3.9230273e-01
   3.9172832e-01
   3.9115392e-01
   3.9057952e-01
   3.9000511e-01
   3.8943071e-01
   3.8885630e-01
   3.8828190e-01
   3.8764923e-01
   3.8664403e-01
   3.8563882e-01
   3.8463361e-01
   3.8362841e-01
   3.8262320e-01
   3.8161800e-01
   3.8061279e-01
   3.7960758e-01
   3.7860238e-01
   3.7759717e-01
   3.7679874e-01
   3.7602551e-01
   3.7525227e-01
   3.7447903e-01
   3.7370580e-01
   3.7293256e-01
   3.7215933e-01
   3.7138609e-01
   3.7061286e-01
   3.6983962e-01
   3.7006064e-01
   3.7082283e-01
   3.7158501e-01
   3.7234720e-01
   3.7310939e-01
   3.7387158e-01
   3.7463377e-01
   3.7539596e-01
   3.7615815e-01
   3.7692034e-01
   3.7635814e-01
   3.7383960e-01
   3.7132106e-01
   3.6880252e-01
   3.6628398e-01
   3.6376544e-01
   3.6124690e-01
   3.5872837e-01
   3.5620983e-01
   3.5369129e-01
   3.5197609e-01
   3.5448358e-01
   3.5699108e-01
   3.5949857e-01
   3.6200606e-01
   3.6451355e-01
   3.6702105e-01
   3.6952854e-01
   3.7203603e-01
   3.7454352e-01
   3.7705102e-01
   3.7595644e-01
   3.7453148e-01
   3.7310652e-01
   3.7168156e-01
   3.7025659e-01
   3.6883163e-01
   3.6740667e-01
   3.6598171e-01
   3.6455674e-01
   3.6313178e-01
   3.6204834e-01
   3.6113151e-01
   3.6021467e-01
   3.5929784e-01
   3.5838100e-01
   3.5746416e-01
   3.5654733e-01
   3.5563049e-01
   3.5471365e-01
   3.5379682e-01
   3.5455944e-01
   3.5756401e-01
   3.6056858e-01
   3.6357315e-01
   3.6657773e-01
   3.6958230e-01
   3.7258687e-01
   3.7559144e-01
   3.7859602e-01
   3.8160059e-01
   3.8340117e-01
   3.7987742e-01
   3.7635368e-01
   3.7282993e-01
   3.6930619e-01
   3.6578244e-01
   3.6225870e-01
   3.5873495e-01
   3.5521121e-01
   3.5168746e-01
   3.4816372e-01
   3.4998032e-01
   3.5213434e-01
   3.5428835e-01
   3.5644236e-01
   3.5859638e-01
   3.6075039e-01
   3.6290440e-01
   3.6505842e-01
   3.6721243e-01
   3.6936644e-01
   3.6881911e-01
   3.6709590e-01
   3.6537269e-01
   3.6364948e-01
   3.6192627e-01
   3.6020306e-01
   3.5847985e-01
   3.5675664e-01
   3.5503343e-01
   3.5331022e-01
   3.5278760e-01
   3.5371549e-01
   3.5464337e-01
   3.5557125e-01
   3.5649913e-01
   3.5742702e-01
   3.5835490e-01
   3.5928278e-01
   3.6021066e-01
   3.6113855e-01
   3.6163699e-01
   3.6051027e-01
   3.5938356e-01
   3.5825684e-01
   3.5713013e-01
   3.5600341e-01
   3.5487670e-01
   3.5374998e-01
   3.5262327e-01
   3.5149655e-01
   3.5036984e-01
   3.4886997e-01
   3.4735664e-01
   3.4584331e-01
   3.4432998e-01
   3.4281664e-01
   3.4130331e-01
   3.3978998e-01
   3.3827665e-01
   3.3676331e-01
   3.3524998e-01
   3.3570469e-01
   3.3691977e-01
   3.3813486e-01
   3.3934994e-01
   3.4056503e-01
   3.4178011e-01
   3.4299519e-01
   3.4421028e-01
   3.4542536e-01
   3.4664045e-01
   3.4674269e-01
   3.4562703e-01
   3.4451136e-01
   3.4339569e-01
   3.4228002e-01
   3.4116435e-01
   3.4004868e-01
   3.3893301e-01
   3.3781735e-01
   3.3670168e-01
   3.3616145e-01
   3.3750909e-01
   3.3885673e-01
   3.4020437e-01
   3.4155201e-01
   3.4289965e-01
   3.4424729e-01
   3.4559493e-01
   3.4694257e-01
   3.4829021e-01
   3.4963785e-01
   3.4707145e-01
   3.4446455e-01
   3.4185764e-01
   3.3925073e-01
   3.3664382e-01
   3.3403691e-01
   3.3143000e-01
   3.2882310e-01
   3.2621619e-01
   3.2360928e-01
   3.2466066e-01
   3.2695828e-01
   3.2925589e-01
   3.3155350e-01
   3.3385112e-01
   3.3614873e-01
   3.3844635e-01
   3.4074396e-01
   3.4304158e-01
   3.4533919e-01
   3.4518004e-01
   3.4258418e-01
   3.3998831e-01
   3.3739245e-01
   3.3479659e-01
   3.3220073e-01
   3.2960486e-01
   3.2700900e-01
   3.2441314e-01
   3.2181728e-01
   3.2061039e-01
   3.2339404e-01
   3.2617768e-01
   3.2896133e-01
   3.3174498e-01
   3.3452863e-01
   3.3731228e-01
   3.4009592e-01
   3.4287957e-01
   3.4566322e-01
   3.4838840e-01
   3.4709599e-01
   3.4580358e-01
   3.4451118e-01
   3.4321877e-01
   3.4192636e-01
   3.4063395e-01
   3.3934154e-01
   3.3804914e-01
   3.3675673e-01
   3.3546432e-01
   3.3497195e-01
   3.3471788e-01
   3.3446382e-01
   3.3420976e-01
   3.3395570e-01
   3.3370163e-01
   3.3344757e-01
   3.3319351e-01
   3.3293944e-01
   3.3268538e-01
   3.3219280e-01
   3.3148585e-01
   3.3077889e-01
   3.3007193e-01
   3.2936497e-01
   3.2865801e-01
   3.2795105e-01
   3.2724410e-01
   3.2653714e-01
   3.2583018e-01
   3.2547620e-01
   3.2601747e-01
   3.2655873e-01
   3.2710000e-01
   3.2764126e-01
   3.2818253e-01
   3.2872379e-01
   3.2926506e-01
   3.2980632e-01
   3.3034759e-01
   3.3086563e-01
   3.3081040e-01
   3.3075517e-01
   3.3069993e-01
   3.3064470e-01
   3.3058947e-01
   3.3053424e-01
   3.3047901e-01
   3.3042378e-01
   3.3036855e-01
   3.3031332e-01
   3.3077626e-01
   3.3137276e-01
   3.3196925e-01
   3.3256575e-01
   3.3316225e-01
   3.3375874e-01
   3.3435524e-01
   3.3495173e-01
   3.3554823e-01
   3.3614473e-01
   3.3644286e-01
   3.3649809e-01
   3.3655332e-01
   3.3660855e-01
   3.3666379e-01
   3.3671902e-01
   3.3677425e-01
   3.3682948e-01
   3.3688471e-01
   3.3693994e-01
   3.3692047e-01
   3.3673269e-01
   3.3654490e-01
   3.3635712e-01
   3.3616933e-01
   3.3598155e-01
   3.3579376e-01
   3.3560597e-01
   3.3541819e-01
   3.3523040e-01
   3.3505244e-01
   3.3501930e-01
   3.3498616e-01
   3.3495302e-01
   3.3491989e-01
   3.3488675e-01
   3.3485361e-01
   3.3482047e-01
   3.3478733e-01
   3.3475419e-01
   3.3472105e-01
   3.3430764e-01
   3.3381056e-01
   3.3331348e-01
   3.3281640e-01
   3.3231932e-01
   3.3182223e-01
   3.3132515e-01
   3.3082807e-01
   3.3033099e-01
   3.2983391e-01
   3.2944497e-01
   3.2913567e-01
   3.2882638e-01
   3.2851708e-01
   3.2820779e-01
   3.2789849e-01
   3.2758920e-01
   3.2727991e-01
   3.2697061e-01
   3.2666132e-01
   3.2619801e-01
   3.2542477e-01
   3.2465154e-01
   3.2387830e-01
   3.2310507e-01
   3.2233183e-01
   3.2155860e-01
   3.2078536e-01
   3.2001213e-01
   3.1923889e-01
   3.1856493e-01
   3.1891841e-01
   3.1927189e-01
   3.1962537e-01
   3.1997885e-01
   3.2033233e-01
   3.2068581e-01
   3.2103929e-01
   3.2139277e-01
   3.2174625e-01
   3.2209973e-01
   3.2191230e-01
   3.2162510e-01
   3.2133790e-01
   3.2105070e-01
   3.2076349e-01
   3.2047629e-01
   3.2018909e-01
   3.1990189e-01
   3.1961469e-01
   3.1932749e-01
   3.1939843e-01
   3.1970772e-01
   3.2001701e-01
   3.2032631e-01
   3.2063560e-01
   3.2094490e-01
   3.2125419e-01
   3.2156349e-01
   3.2187278e-01
   3.2218207e-01
   3.2236533e-01
   3.2232115e-01
   3.2227696e-01
   3.2223278e-01
   3.2218859e-01
   3.2214441e-01
   3.2210022e-01
   3.2205604e-01
   3.2201185e-01
   3.2196767e-01
   3.2195461e-01
   3.2218658e-01
   3.2241855e-01
   3.2265052e-01
   3.2288249e-01
   3.2311446e-01
   3.2334643e-01
   3.2357840e-01
   3.2381037e-01
   3.2404234e-01
   3.2427431e-01
   3.2394963e-01
   3.2354092e-01
   3.2313221e-01
   3.2272350e-01
   3.2231479e-01
   3.2190608e-01
   3.2149737e-01
   3.2108866e-01
   3.2067995e-01
   3.2027124e-01
   3.2008345e-01
   3.2002822e-01
   3.1997299e-01
   3.1991776e-01
   3.1986253e-01
   3.1980729e-01
   3.1975206e-01
   3.1969683e-01
   3.1964160e-01
   3.1958637e-01
   3.1955640e-01
   3.1956745e-01
   3.1957849e-01
   3.1958954e-01
   3.1960059e-01
   3.1961163e-01
   3.1962268e-01
   3.1963372e-01
   3.1964477e-01
   3.1965582e-01
   3.1958497e-01
   3.1899952e-01
   3.1841407e-01
   3.1782862e-01
   3.1724317e-01
   3.1665772e-01
   3.1607227e-01
   3.1548682e-01
   3.1490137e-01
   3.1431592e-01
   3.1373047e-01
   3.1377665e-01
   3.1389815e-01
   3.1401966e-01
   3.1414117e-01
   3.1426268e-01
   3.1438419e-01
   3.1450570e-01
   3.1462720e-01
   3.1474871e-01
   3.1487022e-01
   3.1479799e-01
   3.1462125e-01
   3.1444451e-01
   3.1426777e-01
   3.1409103e-01
   3.1391429e-01
   3.1373755e-01
   3.1356081e-01
   3.1338407e-01
   3.1320734e-01
   3.1313368e-01
   3.1321100e-01
   3.1328833e-01
   3.1336565e-01
   3.1344297e-01
   3.1352030e-01
   3.1359762e-01
   3.1367494e-01
   3.1375227e-01
   3.1382959e-01
   3.1386042e-01
   3.1365054e-01
   3.1344066e-01
   3.1323079e-01
   3.1302091e-01
   3.1281103e-01
   3.1260115e-01
   3.1239127e-01
   3.1218139e-01
   3.1197152e-01
   3.1176164e-01
   3.1195739e-01
   3.1218936e-01
   3.1242133e-01
   3.1265330e-01
   3.1288527e-01
   3.1311725e-01
   3.1334922e-01
   3.1358119e-01
   3.1381316e-01
   3.1404513e-01
   3.1383772e-01
   3.1341796e-01
   3.1299820e-01
   3.1257845e-01
   3.1215869e-01
   3.1173893e-01
   3.1131918e-01
   3.1089942e-01
   3.1047967e-01
   3.1005991e-01
   3.0970670e-01
   3.0944159e-01
   3.0917648e-01
   3.0891137e-01
   3.0864626e-01
   3.0838115e-01
   3.0811605e-01
   3.0785094e-01
   3.0758583e-01
   3.0732072e-01
   3.0709886e-01
   3.0706573e-01
   3.0703259e-01
   3.0699945e-01
   3.0696631e-01
   3.0693317e-01
   3.0690003e-01
   3.0686689e-01
   3.0683376e-01
   3.0680062e-01
   3.0676748e-01
   3.0642197e-01
   3.0605744e-01
   3.0569292e-01
   3.0532839e-01
   3.0496387e-01
   3.0459934e-01
   3.0423481e-01
   3.0387029e-01
   3.0350576e-01
   3.0314124e-01
   3.0291565e-01
   3.0274996e-01
   3.0258426e-01
   3.0241857e-01
   3.0225288e-01
   3.0208718e-01
   3.0192149e-01
   3.0175580e-01
   3.0159010e-01
   3.0142441e-01
   3.0143962e-01
   3.0167159e-01
   3.0190356e-01
   3.0213553e-01
   3.0236750e-01
   3.0259948e-01
   3.0283145e-01
   3.0306342e-01
   3.0329539e-01
   3.0352736e-01
   3.0367306e-01
   3.0349632e-01
   3.0331959e-01
   3.0314285e-01
   3.0296611e-01
   3.0278937e-01
   3.0261263e-01
   3.0243589e-01
   3.0225915e-01
   3.0208241e-01
   3.0190567e-01
   3.0189987e-01
   3.0189987e-01
   3.0189987e-01
   3.0189987e-01
   3.0189987e-01
   3.0189987e-01
   3.0189987e-01
   3.0189987e-01
   3.0189987e-01
   3.0189987e-01
   3.0186791e-01
   3.0182373e-01
   3.0177954e-01
   3.0173536e-01
   3.0169117e-01
   3.0164699e-01
   3.0160280e-01
   3.0155862e-01
   3.0151443e-01
   3.0147025e-01
   3.0136780e-01
   3.0120211e-01
   3.0103641e-01
   3.0087072e-01
   3.0070503e-01
   3.0053933e-01
   3.0037364e-01
   3.0020795e-01
   3.0004225e-01
   2.9987656e-01
   2.9967442e-01
   2.9935408e-01
   2.9903374e-01
   2.9871340e-01
   2.9839306e-01
   2.9807272e-01
   2.9775238e-01
   2.9743204e-01
   2.9711170e-01
   2.9679136e-01
   2.9647102e-01
   2.9645744e-01
   2.9644639e-01
   2.9643534e-01
   2.9642430e-01
   2.9641325e-01
   2.9640221e-01
   2.9639116e-01
   2.9638011e-01
   2.9636907e-01
   2.9635802e-01
   2.9590909e-01
   2.9531259e-01
   2.9471609e-01
   2.9411960e-01
   2.9352310e-01
   2.9292661e-01
   2.9233011e-01
   2.9173361e-01
   2.9113712e-01
   2.9054062e-01
   2.9013902e-01
   2.8992914e-01
   2.8971926e-01
   2.8950938e-01
   2.8929951e-01
   2.8908963e-01
   2.8887975e-01
   2.8866987e-01
   2.8845999e-01
   2.8825012e-01
   2.8801436e-01
   2.8770507e-01
   2.8739578e-01
   2.8708648e-01
   2.8677719e-01
   2.8646789e-01
   2.8615860e-01
   2.8584931e-01
   2.8554001e-01
   2.8523072e-01
   2.8492432e-01
   2.8479177e-01
   2.8465921e-01
   2.8452666e-01
   2.8439410e-01
   2.8426155e-01
   2.8412899e-01
   2.8399644e-01
   2.8386388e-01
   2.8373133e-01
   2.8359877e-01
   2.8342355e-01
   2.8323576e-01
   2.8304798e-01
   2.8286019e-01
   2.8267241e-01
   2.8248462e-01
   2.8229684e-01
   2.8210905e-01
   2.8192126e-01
   2.8173348e-01
   2.8166833e-01
   2.8171252e-01
   2.8175670e-01
   2.8180089e-01
   2.8184507e-01
   2.8188926e-01
   2.8193344e-01
   2.8197763e-01
   2.8202181e-01
   2.8206600e-01
   2.8197489e-01
   2.8154409e-01
   2.8111328e-01
   2.8068248e-01
   2.8025168e-01
   2.7982087e-01
   2.7939007e-01
   2.7895927e-01
   2.7852847e-01
   2.7809766e-01
   2.7767863e-01
   2.7753503e-01
   2.7739143e-01
   2.7724783e-01
   2.7710423e-01
   2.7696063e-01
   2.7681703e-01
   2.7667343e-01
   2.7652982e-01
   2.7638622e-01
   2.7624262e-01
   2.7600216e-01
   2.7573705e-01
   2.7547194e-01
   2.7520684e-01
   2.7494173e-01
   2.7467662e-01
   2.7441151e-01
   2.7414640e-01
   2.7388129e-01
   2.7361618e-01
   2.7339385e-01
   2.7320607e-01
   2.7301828e-01
   2.7283049e-01
   2.7264271e-01
   2.7245492e-01
   2.7226714e-01
   2.7207935e-01
   2.7189157e-01
   2.7170378e-01
   2.7152625e-01
   2.7137160e-01
   2.7121695e-01
   2.7106231e-01
   2.7090766e-01
   2.7075301e-01
   2.7059836e-01
   2.7044372e-01
   2.7028907e-01
   2.7013442e-01
   2.6997833e-01
   2.6980159e-01
   2.6962485e-01
   2.6944811e-01
   2.6927137e-01
   2.6909463e-01
   2.6891789e-01
   2.6874115e-01
   2.6856441e-01
   2.6838767e-01
   2.6821093e-01
   2.6800696e-01
   2.6779708e-01
   2.6758721e-01
   2.6737733e-01
   2.6716745e-01
   2.6695757e-01
   2.6674769e-01
   2.6653781e-01
   2.6632794e-01
   2.6611806e-01
   2.6592733e-01
   2.6575059e-01
   2.6557385e-01
   2.6539711e-01
   2.6522037e-01
   2.6504363e-01
   2.6486689e-01
   2.6469015e-01
   2.6451341e-01
   2.6433667e-01
   2.6414886e-01
   2.6393899e-01
   2.6372911e-01
   2.6351923e-01
   2.6330935e-01
   2.6309947e-01
   2.6288960e-01
   2.6267972e-01
   2.6246984e-01
   2.6225996e-01
   2.6205307e-01
   2.6187633e-01
   2.6169959e-01
   2.6152285e-01
   2.6134611e-01
   2.6116937e-01
   2.6099263e-01
   2.6081589e-01
   2.6063915e-01
   2.6046241e-01
   2.6028567e-01
   2.6025851e-01
   2.6025851e-01
   2.6025851e-01
   2.6025851e-01
   2.6025851e-01
   2.6025851e-01
   2.6025851e-01
   2.6025851e-01
   2.6025851e-01
   2.6025851e-01
   2.6009879e-01
   2.5983369e-01
   2.5956858e-01
   2.5930347e-01
   2.5903836e-01
   2.5877325e-01
   2.5850814e-01
   2.5824303e-01
   2.5797792e-01
   2.5771281e-01
   2.5747147e-01
   2.5727264e-01
   2.5707380e-01
   2.5687497e-01
   2.5667614e-01
   2.5647731e-01
   2.5627848e-01
   2.5607964e-01
   2.5588081e-01
   2.5568198e-01
   2.5549329e-01
   2.5538283e-01
   2.5527236e-01
   2.5516190e-01
   2.5505144e-01
   2.5494098e-01
   2.5483052e-01
   2.5472005e-01
   2.5460959e-01
   2.5449913e-01
   2.5438867e-01
   2.5413390e-01
   2.5385775e-01
   2.5358159e-01
   2.5330544e-01
   2.5302928e-01
   2.5275312e-01
   2.5247697e-01
   2.5220081e-01
   2.5192466e-01
   2.5164850e-01
   2.5146932e-01
   2.5134781e-01
   2.5122630e-01
   2.5110479e-01
   2.5098328e-01
   2.5086178e-01
   2.5074027e-01
   2.5061876e-01
   2.5049725e-01
   2.5037574e-01
   2.5025847e-01
   2.5014800e-01
   2.5003754e-01
   2.4992708e-01
   2.4981662e-01
   2.4970616e-01
   2.4959569e-01
   2.4948523e-01
   2.4937477e-01
   2.4926431e-01
   2.4915077e-01
   2.4901821e-01
   2.4888566e-01
   2.4875310e-01
   2.4862055e-01
   2.4848799e-01
   2.4835544e-01
   2.4822288e-01
   2.4809033e-01
   2.4795777e-01
   2.4782522e-01
   2.4755418e-01
   2.4726698e-01
   2.4697978e-01
   2.4669257e-01
   2.4640537e-01
   2.4611817e-01
   2.4583097e-01
   2.4554377e-01
   2.4525656e-01
   2.4496936e-01
   2.4476854e-01
   2.4461389e-01
   2.4445924e-01
   2.4430460e-01
   2.4414995e-01
   2.4399530e-01
   2.4384066e-01
   2.4368601e-01
   2.4353136e-01
   2.4337671e-01
   2.4318153e-01
   2.4292746e-01
   2.4267340e-01
   2.4241934e-01
   2.4216527e-01
   2.4191121e-01
   2.4165715e-01
   2.4140309e-01
   2.4114902e-01
   2.4089496e-01
   2.4064814e-01
   2.4043826e-01
   2.4022838e-01
   2.4001850e-01
   2.3980863e-01
   2.3959875e-01
   2.3938887e-01
   2.3917899e-01
   2.3896911e-01
   2.3875924e-01
   2.3854936e-01
   2.3832932e-01
   2.3810839e-01
   2.3788747e-01
   2.3766654e-01
   2.3744562e-01
   2.3722469e-01
   2.3700377e-01
   2.3678284e-01
   2.3656192e-01
   2.3634100e-01
   2.3620971e-01
   2.3612134e-01
   2.3603297e-01
   2.3594460e-01
   2.3585623e-01
   2.3576786e-01
   2.3567949e-01
   2.3559112e-01
   2.3550275e-01
   2.3541438e-01
   2.3525437e-01
   2.3500031e-01
   2.3474624e-01
   2.3449218e-01
   2.3423812e-01
   2.3398405e-01
   2.3372999e-01
   2.3347593e-01
   2.3322186e-01
   2.3296780e-01
   2.3272207e-01
   2.3251219e-01
   2.3230231e-01
   2.3209243e-01
   2.3188255e-01
   2.3167268e-01
   2.3146280e-01
   2.3125292e-01
   2.3104304e-01
   2.3083316e-01
   2.3062328e-01
   2.3047602e-01
   2.3033242e-01
   2.3018882e-01
   2.3004521e-01
   2.2990161e-01
   2.2975801e-01
   2.2961441e-01
   2.2947081e-01
   2.2932721e-01
   2.2918361e-01
   2.2902453e-01
   2.2885883e-01
   2.2869314e-01
   2.2852745e-01
   2.2836175e-01
   2.2819606e-01
   2.2803037e-01
   2.2786467e-01
   2.2769898e-01
   2.2753329e-01
   2.2734235e-01
   2.2712143e-01
   2.2690050e-01
   2.2667958e-01
   2.2645866e-01
   2.2623773e-01
   2.2601681e-01
   2.2579588e-01
   2.2557496e-01
   2.2535403e-01
   2.2515900e-01
   2.2505959e-01
   2.2496017e-01
   2.2486076e-01
   2.2476134e-01
   2.2466192e-01
   2.2456251e-01
   2.2446309e-01
   2.2436368e-01
   2.2426426e-01
   2.2416484e-01
   2.2402260e-01
   2.2387900e-01
   2.2373540e-01
   2.2359180e-01
   2.2344820e-01
   2.2330460e-01
   2.2316100e-01
   2.2301739e-01
   2.2287379e-01
   2.2273019e-01
   2.2253851e-01
   2.2232864e-01
   2.2211876e-01
   2.2190888e-01
   2.2169900e-01
   2.2148912e-01
   2.2127924e-01
   2.2106937e-01
   2.2085949e-01
   2.2064961e-01
   2.2045037e-01
   2.2026258e-01
   2.2007480e-01
   2.1988701e-01
   2.1969923e-01
   2.1951144e-01
   2.1932366e-01
   2.1913587e-01
   2.1894808e-01
   2.1876030e-01
   2.1858302e-01
   2.1843941e-01
   2.1829581e-01
   2.1815221e-01
   2.1800861e-01
   2.1786501e-01
   2.1772141e-01
   2.1757781e-01
   2.1743421e-01
   2.1729061e-01
   2.1714701e-01
   2.1694851e-01
   2.1674968e-01
   2.1655085e-01
   2.1635202e-01
   2.1615319e-01
   2.1595435e-01
   2.1575552e-01
   2.1555669e-01
   2.1535786e-01
   2.1515903e-01
   2.1498505e-01
   2.1481935e-01
   2.1465366e-01
   2.1448797e-01
   2.1432227e-01
   2.1415658e-01
   2.1399089e-01
   2.1382519e-01
   2.1365950e-01
   2.1349381e-01
   2.1333930e-01
   2.1319570e-01
   2.1305209e-01
   2.1290849e-01
   2.1276489e-01
   2.1262129e-01
   2.1247769e-01
   2.1233409e-01
   2.1219049e-01
   2.1204689e-01
   2.1189460e-01
   2.1171786e-01
   2.1154112e-01
   2.1136438e-01
   2.1118764e-01
   2.1101090e-01
   2.1083416e-01
   2.1065742e-01
   2.1048068e-01
   2.1030394e-01
   2.1012659e-01
   2.0991671e-01
   2.0970683e-01
   2.0949695e-01
   2.0928708e-01
   2.0907720e-01
   2.0886732e-01
   2.0865744e-01
   2.0844756e-01
   2.0823768e-01
   2.0802781e-01
   2.0783504e-01
   2.0764726e-01
   2.0745947e-01
   2.0727168e-01
   2.0708390e-01
   2.0689611e-01
   2.0670833e-01
   2.0652054e-01
   2.0633275e-01
   2.0614497e-01
   2.0598063e-01
   2.0583703e-01
   2.0569343e-01
   2.0554983e-01
   2.0540623e-01
   2.0526263e-01
   2.0511903e-01
   2.0497543e-01
   2.0483183e-01
   2.0468823e-01
   2.0453195e-01
   2.0434416e-01
   2.0415638e-01
   2.0396859e-01
   2.0378081e-01
   2.0359302e-01
   2.0340523e-01
   2.0321745e-01
   2.0302966e-01
   2.0284188e-01
   2.0265504e-01
   2.0248935e-01
   2.0232365e-01
   2.0215796e-01
   2.0199227e-01
   2.0182657e-01
   2.0166088e-01
   2.0149519e-01
   2.0132949e-01
   2.0116380e-01
   2.0099811e-01
   2.0083241e-01
   2.0066672e-01
   2.0050103e-01
   2.0033533e-01
   2.0016964e-01
   2.0000395e-01
   1.9983825e-01
   1.9967256e-01
   1.9950687e-01
   1.9934117e-01
   1.9918775e-01
   1.9904415e-01
   1.9890055e-01
   1.9875695e-01
   1.9861335e-01
   1.9846975e-01
   1.9832614e-01
   1.9818254e-01
   1.9803894e-01
   1.9789534e-01
   1.9774142e-01
   1.9756468e-01
   1.9738794e-01
   1.9721120e-01
   1.9703446e-01
   1.9685772e-01
   1.9668098e-01
   1.9650424e-01
   1.9632750e-01
   1.9615076e-01
   1.9597328e-01
   1.9578549e-01
   1.9559770e-01
   1.9540992e-01
   1.9522213e-01
   1.9503435e-01
   1.9484656e-01
   1.9465878e-01
   1.9447099e-01
   1.9428320e-01
   1.9409542e-01
   1.9393493e-01
   1.9378028e-01
   1.9362564e-01
   1.9347099e-01
   1.9331634e-01
   1.9316170e-01
   1.9300705e-01
   1.9285240e-01
   1.9269775e-01
   1.9254311e-01
   1.9238846e-01
   1.9223381e-01
   1.9207917e-01
   1.9192452e-01
   1.9176987e-01
   1.9161522e-01
   1.9146058e-01
   1.9130593e-01
   1.9115128e-01
   1.9099664e-01
   1.9084199e-01
   1.9068734e-01
   1.9053270e-01
   1.9037805e-01
   1.9022340e-01
   1.9006875e-01
   1.8991411e-01
   1.8975946e-01
   1.8960481e-01
   1.8945017e-01
   1.8929450e-01
   1.8912881e-01
   1.8896311e-01
   1.8879742e-01
   1.8863173e-01
   1.8846603e-01
   1.8830034e-01
   1.8813465e-01
   1.8796895e-01
   1.8780326e-01
   1.8763757e-01
   1.8748124e-01
   1.8732660e-01
   1.8717195e-01
   1.8701730e-01
   1.8686266e-01
   1.8670801e-01
   1.8655336e-01
   1.8639871e-01
   1.8624407e-01
   1.8608942e-01
   1.8591474e-01
   1.8572695e-01
   1.8553917e-01
   1.8535138e-01
   1.8516360e-01
   1.8497581e-01
   1.8478803e-01
   1.8460024e-01
   1.8441245e-01
   1.8422467e-01
   1.8403688e-01
   1.8384910e-01
   1.8366131e-01
   1.8347352e-01
   1.8328574e-01
   1.8309795e-01
   1.8291017e-01
   1.8272238e-01
   1.8253460e-01
   1.8234681e-01
   1.8215902e-01
   1.8197124e-01
   1.8178345e-01
   1.8159567e-01
   1.8140788e-01
   1.8122010e-01
   1.8103231e-01
   1.8084452e-01
   1.8065674e-01
   1.8046895e-01
   1.8028117e-01
   1.8008374e-01
   1.7988491e-01
   1.7968607e-01
   1.7948724e-01
   1.7928841e-01
   1.7908958e-01
   1.7889075e-01
   1.7869191e-01
   1.7849308e-01
   1.7829425e-01
   1.7810932e-01
   1.7793258e-01
   1.7775584e-01
   1.7757910e-01
   1.7740236e-01
   1.7722562e-01
   1.7704888e-01
   1.7687214e-01
   1.7669540e-01
   1.7651866e-01
   1.7635043e-01
   1.7619578e-01
   1.7604114e-01
   1.7588649e-01
   1.7573184e-01
   1.7557720e-01
   1.7542255e-01
   1.7526790e-01
   1.7511325e-01
   1.7495861e-01
   1.7479771e-01
   1.7459888e-01
   1.7440005e-01
   1.7420122e-01
   1.7400239e-01
   1.7380355e-01
   1.7360472e-01
   1.7340589e-01
   1.7320706e-01
   1.7300822e-01
   1.7280939e-01
   1.7258082e-01
   1.7234885e-01
   1.7211688e-01
   1.7188491e-01
   1.7165293e-01
   1.7142096e-01
   1.7118899e-01
   1.7095702e-01
   1.7072505e-01
   1.7049308e-01
   1.7031888e-01
   1.7017528e-01
   1.7003168e-01
   1.6988807e-01
   1.6974447e-01
   1.6960087e-01
   1.6945727e-01
   1.6931367e-01
   1.6917007e-01
   1.6902647e-01
   1.6887381e-01
   1.6870812e-01
   1.6854243e-01
   1.6837673e-01
   1.6821104e-01
   1.6804535e-01
   1.6787965e-01
   1.6771396e-01
   1.6754827e-01
   1.6738257e-01
   1.6721505e-01
   1.6703831e-01
   1.6686157e-01
   1.6668483e-01
   1.6650809e-01
   1.6633135e-01
   1.6615461e-01
   1.6597787e-01
   1.6580113e-01
   1.6562439e-01
   1.6544765e-01
   1.6526073e-01
   1.6507294e-01
   1.6488515e-01
   1.6469737e-01
   1.6450958e-01
   1.6432180e-01
   1.6413401e-01
   1.6394623e-01
   1.6375844e-01
   1.6357065e-01
   1.6342782e-01
   1.6330631e-01
   1.6318481e-01
   1.6306330e-01
   1.6294179e-01
   1.6282028e-01
   1.6269877e-01
   1.6257726e-01
   1.6245575e-01
   1.6233425e-01
   1.6219354e-01
   1.6202785e-01
   1.6186216e-01
   1.6169646e-01
   1.6153077e-01
   1.6136508e-01
   1.6119938e-01
   1.6103369e-01
   1.6086800e-01
   1.6070230e-01
   1.6053871e-01
   1.6038407e-01
   1.6022942e-01
   1.6007477e-01
   1.5992013e-01
   1.5976548e-01
   1.5961083e-01
   1.5945618e-01
   1.5930154e-01
   1.5914689e-01
   1.5899224e-01
   1.5877485e-01
   1.5855393e-01
   1.5833300e-01
   1.5811208e-01
   1.5789115e-01
   1.5767023e-01
   1.5744930e-01
   1.5722838e-01
   1.5700745e-01
   1.5678653e-01
   1.5661219e-01
   1.5645754e-01
   1.5630290e-01
   1.5614825e-01
   1.5599360e-01
   1.5583895e-01
   1.5568431e-01
   1.5552966e-01
   1.5537501e-01
   1.5522037e-01
   1.5507079e-01
   1.5492719e-01
   1.5478359e-01
   1.5463999e-01
   1.5449639e-01
   1.5435278e-01
   1.5420918e-01
   1.5406558e-01
   1.5392198e-01
   1.5377838e-01
   1.5363953e-01
   1.5351803e-01
   1.5339652e-01
   1.5327501e-01
   1.5315350e-01
   1.5303199e-01
   1.5291048e-01
   1.5278897e-01
   1.5266747e-01
   1.5254596e-01
   1.5242445e-01
   1.5224929e-01
   1.5207255e-01
   1.5189582e-01
   1.5171908e-01
   1.5154234e-01
   1.5136560e-01
   1.5118886e-01
   1.5101212e-01
   1.5083538e-01
   1.5065864e-01
   1.5050601e-01
   1.5036240e-01
   1.5021880e-01
   1.5007520e-01
   1.4993160e-01
   1.4978800e-01
   1.4964440e-01
   1.4950080e-01
   1.4935720e-01
   1.4921360e-01
   1.4911807e-01
   1.4907389e-01
   1.4902971e-01
   1.4898552e-01
   1.4894134e-01
   1.4889715e-01
   1.4885297e-01
   1.4880878e-01
   1.4876460e-01
   1.4872041e-01
   1.4866034e-01
   1.4854987e-01
   1.4843941e-01
   1.4832895e-01
   1.4821849e-01
   1.4810802e-01
   1.4799756e-01
   1.4788710e-01
   1.4777664e-01
   1.4766618e-01
   1.4755571e-01
   1.4741225e-01
   1.4726865e-01
   1.4712505e-01
   1.4698145e-01
   1.4683784e-01
   1.4669424e-01
   1.4655064e-01
   1.4640704e-01
   1.4626344e-01
   1.4611984e-01
   1.4600116e-01
   1.4589070e-01
   1.4578024e-01
   1.4566977e-01
   1.4555931e-01
   1.4544885e-01
   1.4533839e-01
   1.4522793e-01
   1.4511746e-01
   1.4500700e-01
   1.4493022e-01
   1.4488604e-01
   1.4484185e-01
   1.4479767e-01
   1.4475348e-01
   1.4470930e-01
   1.4466511e-01
   1.4462093e-01
   1.4457674e-01
   1.4453256e-01
   1.4445333e-01
   1.4427659e-01
   1.4409985e-01
   1.4392311e-01
   1.4374637e-01
   1.4356963e-01
   1.4339289e-01
   1.4321616e-01
   1.4303942e-01
   1.4286268e-01
   1.4268639e-01
   1.4253174e-01
   1.4237709e-01
   1.4222245e-01
   1.4206780e-01
   1.4191315e-01
   1.4175851e-01
   1.4160386e-01
   1.4144921e-01
   1.4129457e-01
   1.4113992e-01
   1.4104532e-01
   1.4096800e-01
   1.4089068e-01
   1.4081335e-01
   1.4073603e-01
   1.4065871e-01
   1.4058138e-01
   1.4050406e-01
   1.4042673e-01
   1.4034941e-01
   1.4025443e-01
   1.4014397e-01
   1.4003351e-01
   1.3992305e-01
   1.3981258e-01
   1.3970212e-01
   1.3959166e-01
   1.3948120e-01
   1.3937073e-01
   1.3926027e-01
   1.3914023e-01
   1.3899663e-01
   1.3885303e-01
   1.3870943e-01
   1.3856583e-01
   1.3842223e-01
   1.3827863e-01
   1.3813503e-01
   1.3799143e-01
   1.3784783e-01
   1.3770423e-01
   1.3756062e-01
   1.3741702e-01
   1.3727342e-01
   1.3712982e-01
   1.3698622e-01
   1.3684262e-01
   1.3669902e-01
   1.3655542e-01
   1.3641182e-01
   1.3626822e-01
   1.3590335e-01
   1.3548360e-01
   1.3506384e-01
   1.3464408e-01
   1.3422433e-01
   1.3380457e-01
   1.3338481e-01
   1.3296506e-01
   1.3254530e-01
   1.3212554e-01
   1.3176736e-01
   1.3145806e-01
   1.3114877e-01
   1.3083947e-01
   1.3053018e-01
   1.3022089e-01
   1.2991159e-01
   1.2960230e-01
   1.2929300e-01
   1.2898371e-01
   1.2867095e-01
   1.2835061e-01
   1.2803027e-01
   1.2770993e-01
   1.2738959e-01
   1.2706925e-01
   1.2674891e-01
   1.2642857e-01
   1.2610823e-01
   1.2578789e-01
   1.2547447e-01
   1.2525355e-01
   1.2503262e-01
   1.2481170e-01
   1.2459078e-01
   1.2436985e-01
   1.2414893e-01
   1.2392800e-01
   1.2370708e-01
   1.2348615e-01
   1.2326523e-01
   1.2291659e-01
   1.2254102e-01
   1.2216545e-01
   1.2178988e-01
   1.2141431e-01
   1.2103874e-01
   1.2066316e-01
   1.2028759e-01
   1.1991202e-01
   1.1953645e-01
   1.1935373e-01
   1.1930955e-01
   1.1926536e-01
   1.1922118e-01
   1.1917699e-01
   1.1913281e-01
   1.1908862e-01
   1.1904444e-01
   1.1900025e-01
   1.1895607e-01
   1.1882598e-01
   1.1852773e-01
   1.1822949e-01
   1.1793124e-01
   1.1763299e-01
   1.1733474e-01
   1.1703649e-01
   1.1673825e-01
   1.1644000e-01
   1.1614175e-01
   1.1585704e-01
   1.1570239e-01
   1.1554774e-01
   1.1539310e-01
   1.1523845e-01
   1.1508380e-01
   1.1492916e-01
   1.1477451e-01
   1.1461986e-01
   1.1446521e-01
   1.1431057e-01
   1.1413056e-01
   1.1394608e-01
   1.1376161e-01
   1.1357714e-01
   1.1339267e-01
   1.1320820e-01
   1.1302373e-01
   1.1283925e-01
   1.1265478e-01
   1.1247031e-01
   1.1227780e-01
   1.1208007e-01
   1.1188234e-01
   1.1168462e-01
   1.1148689e-01
   1.1128916e-01
   1.1109143e-01
   1.1089371e-01
   1.1069598e-01
   1.1049825e-01
   1.1033899e-01
   1.1024730e-01
   1.1015562e-01
   1.1006394e-01
   1.0997225e-01
   1.0988057e-01
   1.0978888e-01
   1.0969720e-01
   1.0960552e-01
   1.0951383e-01
   1.0941795e-01
   1.0929092e-01
   1.0916389e-01
   1.0903685e-01
   1.0890982e-01
   1.0878279e-01
   1.0865576e-01
   1.0852873e-01
   1.0840170e-01
   1.0827466e-01
   1.0814763e-01
   1.0791815e-01
   1.0767403e-01
   1.0742990e-01
   1.0718578e-01
   1.0694166e-01
   1.0669754e-01
   1.0645342e-01
   1.0620930e-01
   1.0596518e-01
   1.0572105e-01
   1.0545044e-01
   1.0516434e-01
   1.0487825e-01
   1.0459215e-01
   1.0430605e-01
   1.0401995e-01
   1.0373386e-01
   1.0344776e-01
   1.0316166e-01
   1.0287557e-01
   1.0261813e-01
   1.0240604e-01
   1.0219396e-01
   1.0198187e-01
   1.0176978e-01
   1.0155769e-01
   1.0134561e-01
   1.0113352e-01
   1.0092143e-01
   1.0070934e-01
   1.0049456e-01
   1.0026370e-01
   1.0003283e-01
   9.9801965e-02
   9.9571099e-02
   9.9340233e-02
   9.9109367e-02
   9.8878501e-02
   9.8647635e-02
   9.8416769e-02
   9.8185903e-02
   9.8041489e-02
   9.7906725e-02
   9.7771961e-02
   9.7637197e-02
   9.7502433e-02
   9.7367670e-02
   9.7232906e-02
   9.7098142e-02
   9.6963378e-02
   9.6828614e-02
   9.6809020e-02
   9.6849891e-02
   9.6890762e-02
   9.6931633e-02
   9.6972505e-02
   9.7013376e-02
   9.7054247e-02
   9.7095118e-02
   9.7135989e-02
   9.7176860e-02
   9.7191342e-02
   9.7168145e-02
   9.7144948e-02
   9.7121751e-02
   9.7098554e-02
   9.7075357e-02
   9.7052160e-02
   9.7028962e-02
   9.7005765e-02
   9.6982568e-02
   9.6960856e-02
   9.6946496e-02
   9.6932136e-02
   9.6917776e-02
   9.6903416e-02
   9.6889056e-02
   9.6874696e-02
   9.6860336e-02
   9.6845975e-02
   9.6831615e-02
   9.6817255e-02
   9.6648744e-02
   9.6467586e-02
   9.6286428e-02
   9.6105270e-02
   9.5924112e-02
   9.5742954e-02
   9.5561795e-02
   9.5380637e-02
   9.5199479e-02
   9.5018321e-02
   9.4836412e-02
   9.4654149e-02
   9.4471886e-02
   9.4289624e-02
   9.4107361e-02
   9.3925098e-02
   9.3742836e-02
   9.3560573e-02
   9.3378310e-02
   9.3196048e-02
   9.3066820e-02
   9.3006066e-02
   9.2945312e-02
   9.2884558e-02
   9.2823804e-02
   9.2763049e-02
   9.2702295e-02
   9.2641541e-02
   9.2580787e-02
   9.2520032e-02
   9.2416298e-02
   9.2132410e-02
   9.1848522e-02
   9.1564634e-02
   9.1280746e-02
   9.0996858e-02
   9.0712970e-02
   9.0429082e-02
   9.0145194e-02
   8.9861306e-02
   8.9577418e-02
   8.9388901e-02
   8.9205534e-02
   8.9022167e-02
   8.8838800e-02
   8.8655432e-02
   8.8472065e-02
   8.8288698e-02
   8.8105330e-02
   8.7921963e-02
   8.7738596e-02
   8.7623751e-02
   8.7537591e-02
   8.7451430e-02
   8.7365270e-02
   8.7279109e-02
   8.7192949e-02
   8.7106788e-02
   8.7020628e-02
   8.6934467e-02
   8.6848306e-02
   8.6863497e-02
   8.6997157e-02
   8.7130816e-02
   8.7264475e-02
   8.7398134e-02
   8.7531794e-02
   8.7665453e-02
   8.7799112e-02
   8.7932772e-02
   8.8066431e-02
   8.8146344e-02
   8.8032568e-02
   8.7918792e-02
   8.7805016e-02
   8.7691240e-02
   8.7577464e-02
   8.7463687e-02
   8.7349911e-02
   8.7236135e-02
   8.7122359e-02
   8.7008583e-02
   8.7065763e-02
   8.7127622e-02
   8.7189481e-02
   8.7251340e-02
   8.7313199e-02
   8.7375057e-02
   8.7436916e-02
   8.7498775e-02
   8.7560634e-02
   8.7622493e-02
   8.7612633e-02
   8.7576180e-02
   8.7539728e-02
   8.7503275e-02
   8.7466822e-02
   8.7430370e-02
   8.7393917e-02
   8.7357465e-02
   8.7321012e-02
   8.7284560e-02
   8.7291561e-02
   8.7344583e-02
   8.7397605e-02
   8.7450627e-02
   8.7503649e-02
   8.7556670e-02
   8.7609692e-02
   8.7662714e-02
   8.7715736e-02
   8.7768758e-02
   8.7772099e-02
   8.7619661e-02
   8.7467223e-02
   8.7314785e-02
   8.7162347e-02
   8.7009910e-02
   8.6857472e-02
   8.6705034e-02
   8.6552596e-02
   8.6400158e-02
   8.6247720e-02
   8.6107408e-02
   8.5967121e-02
   8.5826834e-02
   8.5686547e-02
   8.5546260e-02
   8.5405973e-02
   8.5265686e-02
   8.5125399e-02
   8.4985112e-02
   8.4844825e-02
   8.4789503e-02
   8.4761888e-02
   8.4734272e-02
   8.4706657e-02
   8.4679041e-02
   8.4651426e-02
   8.4623810e-02
   8.4596194e-02
   8.4568579e-02
   8.4540963e-02
   8.4475585e-02
   8.4373959e-02
   8.4272334e-02
   8.4170709e-02
   8.4069084e-02
   8.3967458e-02
   8.3865833e-02
   8.3764208e-02
   8.3662583e-02
   8.3560957e-02
   8.3524953e-02
   8.3669659e-02
   8.3814364e-02
   8.3959070e-02
   8.4103775e-02
   8.4248481e-02
   8.4393186e-02
   8.4537892e-02
   8.4682597e-02
   8.4827303e-02
   8.4971560e-02
   8.5096382e-02
   8.5221205e-02
   8.5346027e-02
   8.5470849e-02
   8.5595672e-02
   8.5720494e-02
   8.5845316e-02
   8.5970139e-02
   8.6094961e-02
   8.6219783e-02
   8.6287835e-02
   8.6339752e-02
   8.6391670e-02
   8.6443587e-02
   8.6495504e-02
   8.6547421e-02
   8.6599339e-02
   8.6651256e-02
   8.6703173e-02
   8.6755090e-02
   8.6744974e-02
   8.6680906e-02
   8.6616838e-02
   8.6552770e-02
   8.6488702e-02
   8.6424634e-02
   8.6360566e-02
   8.6296498e-02
   8.6232430e-02
   8.6168362e-02
   8.6109436e-02
   8.6063042e-02
   8.6016648e-02
   8.5970254e-02
   8.5923860e-02
   8.5877466e-02
   8.5831072e-02
   8.5784677e-02
   8.5738283e-02
   8.5691889e-02
   8.5641747e-02
   8.5515820e-02
   8.5389893e-02
   8.5263966e-02
   8.5138039e-02
   8.5012112e-02
   8.4886185e-02
   8.4760258e-02
   8.4634331e-02
   8.4508404e-02
   8.4382477e-02
   8.4187339e-02
   8.3975252e-02
   8.3763164e-02
   8.3551077e-02
   8.3338989e-02
   8.3126902e-02
   8.2914814e-02
   8.2702727e-02
   8.2490640e-02
   8.2278552e-02
   8.2158540e-02
   8.2111041e-02
   8.2063542e-02
   8.2016044e-02
   8.1968545e-02
   8.1921046e-02
   8.1873547e-02
   8.1826049e-02
   8.1778550e-02
   8.1731051e-02
   8.1693661e-02
   8.1678197e-02
   8.1662732e-02
   8.1647267e-02
   8.1631803e-02
   8.1616338e-02
   8.1600873e-02
   8.1585408e-02
   8.1569944e-02
   8.1554479e-02
   8.1528398e-02
   8.1364914e-02
   8.1201430e-02
   8.1037946e-02
   8.0874462e-02
   8.0710978e-02
   8.0547494e-02
   8.0384009e-02
   8.0220525e-02
   8.0057041e-02
   7.9893557e-02
   7.9832495e-02
   7.9792729e-02
   7.9752962e-02
   7.9713196e-02
   7.9673429e-02
   7.9633663e-02
   7.9593897e-02
   7.9554130e-02
   7.9514364e-02
   7.9474597e-02
   7.9409026e-02
   7.9325075e-02
   7.9241124e-02
   7.9157172e-02
   7.9073221e-02
   7.8989270e-02
   7.8905319e-02
   7.8821367e-02
   7.8737416e-02
   7.8653465e-02
   7.8568010e-02
   7.8479641e-02
   7.8391271e-02
   7.8302901e-02
   7.8214531e-02
   7.8126162e-02
   7.8037792e-02
   7.7949422e-02
   7.7861052e-02
   7.7772682e-02
   7.7695058e-02
   7.7718255e-02
   7.7741452e-02
   7.7764649e-02
   7.7787846e-02
   7.7811043e-02
   7.7834240e-02
   7.7857437e-02
   7.7880634e-02
   7.7903831e-02
   7.7927028e-02
   7.7867361e-02
   7.7793351e-02
   7.7719341e-02
   7.7645332e-02
   7.7571322e-02
   7.7497312e-02
   7.7423303e-02
   7.7349293e-02
   7.7275283e-02
   7.7201274e-02
   7.7195164e-02
   7.7232721e-02
   7.7270278e-02
   7.7307836e-02
   7.7345393e-02
   7.7382950e-02
   7.7420507e-02
   7.7458064e-02
   7.7495621e-02
   7.7533179e-02
   7.7545352e-02
   7.7513318e-02
   7.7481284e-02
   7.7449250e-02
   7.7417216e-02
   7.7385182e-02
   7.7353148e-02
   7.7321114e-02
   7.7289080e-02
   7.7257046e-02
   7.7225012e-02
   7.7192978e-02
   7.7160944e-02
   7.7128909e-02
   7.7096875e-02
   7.7064841e-02
   7.7032807e-02
   7.7000773e-02
   7.6968739e-02
   7.6936705e-02
   7.6904671e-02
   7.6892982e-02
   7.6884145e-02
   7.6875308e-02
   7.6866471e-02
   7.6857634e-02
   7.6848797e-02
   7.6839960e-02
   7.6831123e-02
   7.6822286e-02
   7.6813449e-02
   7.6759848e-02
   7.6680315e-02
   7.6600782e-02
   7.6521250e-02
   7.6441717e-02
   7.6362184e-02
   7.6282651e-02
   7.6203118e-02
   7.6123585e-02
   7.6044053e-02
   7.5957639e-02
   7.5860432e-02
   7.5763225e-02
   7.5666018e-02
   7.5568812e-02
   7.5471605e-02
   7.5374398e-02
   7.5277191e-02
   7.5179985e-02
   7.5082778e-02
   7.5017553e-02
   7.5140166e-02
   7.5262779e-02
   7.5385392e-02
   7.5508005e-02
   7.5630618e-02
   7.5753231e-02
   7.5875845e-02
   7.5998458e-02
   7.6121071e-02
   7.6243684e-02
   7.6207937e-02
   7.6154916e-02
   7.6101894e-02
   7.6048872e-02
   7.5995850e-02
   7.5942828e-02
   7.5889806e-02
   7.5836784e-02
   7.5783762e-02
   7.5730741e-02
   7.5597065e-02
   7.5421431e-02
   7.5245796e-02
   7.5070161e-02
   7.4894526e-02
   7.4718891e-02
   7.4543256e-02
   7.4367621e-02
   7.4191986e-02
   7.4016351e-02
   7.3885068e-02
   7.3816582e-02
   7.3748095e-02
   7.3679609e-02
   7.3611122e-02
   7.3542636e-02
   7.3474149e-02
   7.3405662e-02
   7.3337176e-02
   7.3268689e-02
   7.3209784e-02
   7.3197634e-02
   7.3185483e-02
   7.3173332e-02
   7.3161181e-02
   7.3149030e-02
   7.3136879e-02
   7.3124728e-02
   7.3112578e-02
   7.3100427e-02
   7.3088276e-02
   7.3027015e-02
   7.2961842e-02
   7.2896669e-02
   7.2831497e-02
   7.2766324e-02
   7.2701151e-02
   7.2635978e-02
   7.2570806e-02
   7.2505633e-02
   7.2440460e-02
   7.2440112e-02
   7.2469936e-02
   7.2499761e-02
   7.2529586e-02
   7.2559411e-02
   7.2589236e-02
   7.2619060e-02
   7.2648885e-02
   7.2678710e-02
   7.2708535e-02
   7.2710264e-02
   7.2676021e-02
   7.2641778e-02
   7.2607534e-02
   7.2573291e-02
   7.2539048e-02
   7.2504804e-02
   7.2470561e-02
   7.2436318e-02
   7.2402075e-02
   7.2371057e-02
   7.2353383e-02
   7.2335709e-02
   7.2318035e-02
   7.2300361e-02
   7.2282687e-02
   7.2265013e-02
   7.2247339e-02
   7.2229665e-02
   7.2211991e-02
   7.2194317e-02
   7.2047457e-02
   7.1893914e-02
   7.1740372e-02
   7.1586829e-02
   7.1433287e-02
   7.1279744e-02
   7.1126202e-02
   7.0972659e-02
   7.0819117e-02
   7.0665574e-02
   7.0580754e-02
   7.0524418e-02
   7.0468082e-02
   7.0411747e-02
   7.0355411e-02
   7.0299075e-02
   7.0242740e-02
   7.0186404e-02
   7.0130068e-02
   7.0073732e-02
   7.0011258e-02
   6.9941667e-02
   6.9872075e-02
   6.9802484e-02
   6.9732893e-02
   6.9663302e-02
   6.9593711e-02
   6.9524119e-02
   6.9454528e-02
   6.9384937e-02
   6.9331089e-02
   6.9333298e-02
   6.9335507e-02
   6.9337717e-02
   6.9339926e-02
   6.9342135e-02
   6.9344344e-02
   6.9346554e-02
   6.9348763e-02
   6.9350972e-02
   6.9353181e-02
   6.9283201e-02
   6.9211400e-02
   6.9139600e-02
   6.9067799e-02
   6.8995999e-02
   6.8924199e-02
   6.8852398e-02
   6.8780598e-02
   6.8708797e-02
   6.8636997e-02
   6.8558732e-02
   6.8478094e-02
   6.8397457e-02
   6.8316819e-02
   6.8236182e-02
   6.8155544e-02
   6.8074907e-02
   6.7994270e-02
   6.7913632e-02
   6.7832995e-02
   6.7814311e-02
   6.7860705e-02
   6.7907100e-02
   6.7953494e-02
   6.7999888e-02
   6.8046282e-02
   6.8092676e-02
   6.8139070e-02
   6.8185464e-02
   6.8231858e-02
   6.8250508e-02
   6.8183126e-02
   6.8115744e-02
   6.8048362e-02
   6.7980980e-02
   6.7913598e-02
   6.7846216e-02
   6.7778834e-02
   6.7711452e-02
   6.7644070e-02
   6.7576688e-02
