   0.0000000e+00
   0.0000000e+00
   0.0000000e+00
   0.0000000e+00
   0.0000000e+00
   0.0000000e+00
   1.5817463e-06
   4.3406785e-06
   7.0996107e-06
   9.8585430e-06
   1.2617475e-05
   1.5376407e-05
   1.8135340e-05
   2.0894272e-05
   2.3653204e-05
   2.6412136e-05
   2.9171068e-05
   3.1930001e-05
   3.4688933e-05
   3.7447865e-05
   4.0206797e-05
   4.2965729e-05
   4.5724662e-05
   4.8483594e-05
   5.1242526e-05
   5.4001458e-05
   5.6760391e-05
   5.9519323e-05
   6.2278255e-05
   6.5037187e-05
   6.7796119e-05
   7.0555052e-05
   7.3313984e-05
   7.6072916e-05
   7.8831848e-05
   8.1590780e-05
   8.4349713e-05
   8.7108645e-05
   8.9867577e-05
   9.2626509e-05
   9.5385441e-05
   9.8144374e-05
   1.0090331e-04
   1.0366224e-04
   1.0642117e-04
   1.0918010e-04
   1.1193903e-04
   1.1469797e-04
   1.1745690e-04
   1.2021583e-04
   1.2297476e-04
   1.2573370e-04
   1.2849263e-04
   1.3125156e-04
   1.3401049e-04
   1.3676942e-04
   1.3952836e-04
   1.4228729e-04
   1.4504622e-04
   1.4780515e-04
   1.5056409e-04
   1.5332302e-04
   1.5608195e-04
   1.5884088e-04
   1.6159981e-04
   1.6435875e-04
   1.6711768e-04
   1.6987661e-04
   1.7263554e-04
   1.7539448e-04
   1.7815341e-04
   1.8091234e-04
   1.8367127e-04
   1.8643020e-04
   1.8918914e-04
   1.9194807e-04
   1.9470700e-04
   1.9746593e-04
   2.0022487e-04
   2.0298380e-04
   2.0574273e-04
   2.0850166e-04
   2.1126059e-04
   2.1401953e-04
   2.1677846e-04
   2.1953739e-04
   2.2229632e-04
   2.2505526e-04
   2.2781419e-04
   2.3057312e-04
   2.3333205e-04
   2.3609098e-04
   2.3884992e-04
   2.4160885e-04
   2.4436778e-04
   2.4712671e-04
   2.4988565e-04
   2.5264458e-04
   2.5540351e-04
   2.5816244e-04
   2.6092137e-04
   2.6368031e-04
   2.6643924e-04
   2.6919817e-04
   2.7195710e-04
   2.7471604e-04
   2.7747497e-04
   2.8023390e-04
   2.8299283e-04
   2.8575176e-04
   2.8851070e-04
   2.9126963e-04
   2.9402856e-04
   2.9678749e-04
   2.9954642e-04
   3.0230536e-04
   3.0506429e-04
   3.0782322e-04
   3.1058215e-04
   3.1334109e-04
   3.1610002e-04
   3.1885895e-04
   3.2161788e-04
   3.2437681e-04
   3.2713575e-04
   3.2989468e-04
   3.3265361e-04
   3.3541254e-04
   3.3817148e-04
   3.4093041e-04
   3.4368934e-04
   3.4644827e-04
   3.4920720e-04
   3.5196614e-04
   3.5472507e-04
   3.5748400e-04
   3.6024293e-04
   3.6300187e-04
   3.6576080e-04
   3.6851973e-04
   3.7127866e-04
   3.7403759e-04
   3.7679653e-04
   3.7955546e-04
   3.8231439e-04
   3.8507332e-04
   3.8783226e-04
   3.9059119e-04
   3.9335012e-04
   3.9610905e-04
   3.9886798e-04
   4.0162692e-04
   4.0438585e-04
   4.0714478e-04
   4.0990371e-04
   4.1266265e-04
   4.1542158e-04
   4.1818051e-04
   4.2093944e-04
   5.0631559e-04
   8.8411827e-04
   1.2619209e-03
   1.6397236e-03
   2.0175263e-03
   2.3953290e-03
   2.7731317e-03
   3.1509343e-03
   3.5287370e-03
   3.9065397e-03
   4.2843424e-03
   4.6621451e-03
   5.0399477e-03
   5.4177504e-03
   5.7955531e-03
   6.1733558e-03
   6.5511584e-03
   6.9289611e-03
   7.3067638e-03
   7.6845665e-03
   8.0623692e-03
   8.4401718e-03
   8.8179745e-03
   9.1957772e-03
   9.5735799e-03
   9.9513825e-03
   1.0329185e-02
   1.0706988e-02
   1.1084791e-02
   1.1462593e-02
   1.1840396e-02
   1.2218199e-02
   1.2596001e-02
   1.2973804e-02
   1.3351607e-02
   1.3729409e-02
   1.4107212e-02
   1.4485015e-02
   1.4862817e-02
   1.5240620e-02
   1.5618423e-02
   1.5996225e-02
   1.6374028e-02
   1.6751831e-02
   1.7129633e-02
   1.7507436e-02
   1.7885239e-02
   1.8263041e-02
   1.8640844e-02
   1.9018647e-02
   1.9396449e-02
   1.9774584e-02
   2.0476521e-02
   2.1178458e-02
   2.1880394e-02
   2.2582331e-02
   2.3284268e-02
   2.3986204e-02
   2.4688141e-02
   2.5390077e-02
   2.6092014e-02
   2.6793951e-02
   2.7495887e-02
   2.8197824e-02
   2.8899761e-02
   2.9601697e-02
   3.0303634e-02
   3.1005571e-02
   3.1707507e-02
   3.2409444e-02
   3.3111381e-02
   3.3813317e-02
   3.4515254e-02
   3.5217191e-02
   3.5919127e-02
   3.6621064e-02
   3.7323001e-02
   3.8024937e-02
   3.8726874e-02
   3.9428810e-02
   4.0130747e-02
   4.0832684e-02
   4.1534620e-02
   4.2236557e-02
   4.2938494e-02
   4.3640430e-02
   4.4342367e-02
   4.5044304e-02
   4.5746240e-02
   4.6448177e-02
   4.7150114e-02
   4.7852050e-02
   4.8553987e-02
   4.9255924e-02
   4.9957860e-02
   5.0659797e-02
   5.1361734e-02
   5.2063670e-02
   5.2765607e-02
   5.3467544e-02
   5.4169480e-02
   5.4871417e-02
   5.5573353e-02
   5.9261601e-02
   6.3783512e-02
   6.8305422e-02
   7.2827332e-02
   7.7349242e-02
   8.1871153e-02
   8.6393063e-02
   9.0914973e-02
   9.5436883e-02
   9.9958794e-02
   1.0448070e-01
   1.0900261e-01
   1.1352452e-01
   1.1804643e-01
   1.2256834e-01
   1.2709026e-01
   1.3161217e-01
   1.3613408e-01
   1.4065599e-01
   1.4517790e-01
   1.4969981e-01
   1.5422172e-01
   1.5874363e-01
   1.6326554e-01
   1.6778745e-01
   1.7230936e-01
   1.7683127e-01
   1.8135318e-01
   1.8587509e-01
   1.9039700e-01
   1.9491891e-01
   1.9944082e-01
   2.0396273e-01
   2.0848464e-01
   2.1300655e-01
   2.1752846e-01
   2.2205037e-01
   2.2657228e-01
   2.3109419e-01
   2.3561610e-01
   2.4013801e-01
   2.4465992e-01
   2.4918183e-01
   2.5370374e-01
   2.5822565e-01
   2.6274756e-01
   2.6726947e-01
   2.7179138e-01
   2.7631329e-01
   2.8083520e-01
   2.8535711e-01
   2.9153958e-01
   2.9901358e-01
   3.0648758e-01
   3.1396158e-01
   3.2143559e-01
   3.2890959e-01
   3.3638359e-01
   3.4385760e-01
   3.5133160e-01
   3.5880560e-01
   3.6627960e-01
   3.7375361e-01
   3.8122761e-01
   3.8870161e-01
   3.9617562e-01
   4.0364962e-01
   4.1112362e-01
   4.1859762e-01
   4.2607163e-01
   4.3354563e-01
   4.4101963e-01
   4.4849364e-01
   4.5596764e-01
   4.6344164e-01
   4.7091564e-01
   4.7838965e-01
   4.8586365e-01
   4.9333765e-01
   5.0081166e-01
   5.0828566e-01
   5.1575966e-01
   5.2323366e-01
   5.3070767e-01
   5.3818167e-01
   5.4565567e-01
   5.5312967e-01
   5.6060368e-01
   5.6807768e-01
   5.7555168e-01
   5.8302569e-01
   5.9049969e-01
   5.9797369e-01
   6.0544769e-01
   6.1292170e-01
   6.2039570e-01
   6.2786970e-01
   6.3534371e-01
   6.4281771e-01
   6.5029171e-01
   6.5776571e-01
   6.6523972e-01
   6.7134322e-01
   6.7482436e-01
   6.7830549e-01
   6.8178663e-01
   6.8526777e-01
   6.8874890e-01
   6.9223004e-01
   6.9571118e-01
   6.9919232e-01
   7.0267345e-01
   7.0615459e-01
   7.0963573e-01
   7.1311687e-01
   7.1659800e-01
   7.2007914e-01
   7.2356028e-01
   7.2704141e-01
   7.3052255e-01
   7.3400369e-01
   7.3748483e-01
   7.4096596e-01
   7.4444710e-01
   7.4792824e-01
   7.5140938e-01
   7.5489051e-01
   7.5837165e-01
   7.6185279e-01
   7.6533393e-01
   7.6881506e-01
   7.7229620e-01
   7.7577734e-01
   7.7925847e-01
   7.8273961e-01
   7.8622075e-01
   7.8970189e-01
   7.9318302e-01
   7.9666416e-01
   8.0014530e-01
   8.0362644e-01
   8.0710757e-01
   8.1058871e-01
   8.1406985e-01
   8.1755098e-01
   8.2103212e-01
   8.2451326e-01
   8.2799440e-01
   8.3147553e-01
   8.3495667e-01
   8.3843781e-01
   8.4191895e-01
   8.4540008e-01
   8.4922081e-01
   8.5544110e-01
   8.6166139e-01
   8.6788168e-01
   8.7410197e-01
   8.8032226e-01
   8.8654255e-01
   8.9276284e-01
   8.9898313e-01
   9.0520341e-01
   9.1142370e-01
   9.1764399e-01
   9.2386428e-01
   9.3008457e-01
   9.3630486e-01
   9.4252515e-01
   9.4874544e-01
   9.5496573e-01
   9.6118602e-01
   9.6740631e-01
   9.7362660e-01
   9.7984689e-01
   9.8606718e-01
   9.9228747e-01
   9.9850776e-01
   1.0047280e+00
   1.0109483e+00
   1.0171686e+00
   1.0233889e+00
   1.0296092e+00
   1.0358295e+00
   1.0420498e+00
   1.0482701e+00
   1.0544904e+00
   1.0607107e+00
   1.0669309e+00
   1.0731512e+00
   1.0793715e+00
   1.0855918e+00
   1.0918121e+00
   1.0980324e+00
   1.1042527e+00
   1.1104730e+00
   1.1166933e+00
   1.1229136e+00
   1.1291338e+00
   1.1353541e+00
   1.1415744e+00
   1.1477947e+00
   1.1540150e+00
   1.1602353e+00
   1.1664556e+00
   1.1691504e+00
   1.1714740e+00
   1.1737976e+00
   1.1761211e+00
   1.1784447e+00
   1.1807682e+00
   1.1830918e+00
   1.1854153e+00
   1.1877389e+00
   1.1900625e+00
   1.1923860e+00
   1.1947096e+00
   1.1970331e+00
   1.1993567e+00
   1.2016802e+00
   1.2040038e+00
   1.2063274e+00
   1.2086509e+00
   1.2109745e+00
   1.2132980e+00
   1.2156216e+00
   1.2179451e+00
   1.2202687e+00
   1.2225923e+00
   1.2249158e+00
   1.2272394e+00
   1.2295629e+00
   1.2318865e+00
   1.2342100e+00
   1.2365336e+00
   1.2388571e+00
   1.2411807e+00
   1.2435043e+00
   1.2458278e+00
   1.2481514e+00
   1.2504749e+00
   1.2527985e+00
   1.2551220e+00
   1.2574456e+00
   1.2597692e+00
   1.2620927e+00
   1.2644163e+00
   1.2667398e+00
   1.2690634e+00
   1.2713869e+00
   1.2737105e+00
   1.2760341e+00
   1.2783576e+00
   1.2806812e+00
   1.2830047e+00
   1.2853283e+00
   1.2974576e+00
   1.3140867e+00
   1.3307158e+00
   1.3473449e+00
   1.3639740e+00
   1.3806031e+00
   1.3972323e+00
   1.4138614e+00
   1.4304905e+00
   1.4471196e+00
   1.4637487e+00
   1.4803778e+00
   1.4970069e+00
   1.5136360e+00
   1.5302651e+00
   1.5468942e+00
   1.5635234e+00
   1.5801525e+00
   1.5967816e+00
   1.6134107e+00
   1.6300398e+00
   1.6466689e+00
   1.6632980e+00
   1.6799271e+00
   1.6965562e+00
   1.7131853e+00
   1.7298145e+00
   1.7464436e+00
   1.7630727e+00
   1.7797018e+00
   1.7963309e+00
   1.8129600e+00
   1.8295891e+00
   1.8462182e+00
   1.8409378e+00
   1.7981182e+00
   1.7552986e+00
   1.7124790e+00
   1.6696594e+00
   1.6268398e+00
   1.5840202e+00
   1.5412006e+00
   1.4983810e+00
   1.4555614e+00
   1.4127418e+00
   1.3699222e+00
   1.3271026e+00
   1.2842830e+00
   1.2414634e+00
   1.1986438e+00
   1.1558242e+00
   1.1130046e+00
   1.0701850e+00
   1.0273654e+00
   9.8454584e-01
   9.6712011e-01
   9.9318439e-01
   1.0192487e+00
   1.0453129e+00
   1.0713772e+00
   1.0974415e+00
   1.1235058e+00
   1.1495701e+00
   1.1756343e+00
   1.2016986e+00
   1.2277629e+00
   1.2538272e+00
   1.2798914e+00
   1.3059557e+00
   1.3320200e+00
   1.3580843e+00
   1.3841486e+00
   1.4102128e+00
   1.4362771e+00
   1.4623414e+00
   1.4884057e+00
   1.5144699e+00
   1.5405342e+00
   1.5665985e+00
   1.5926628e+00
   1.6187271e+00
   1.6447913e+00
   1.6708556e+00
   1.6969199e+00
   1.7229842e+00
   1.7490484e+00
   1.7751127e+00
   1.8011770e+00
   1.8272413e+00
   1.8533056e+00
   1.8793698e+00
   1.9054341e+00
   1.9314984e+00
   1.9575627e+00
   1.9836269e+00
   2.0096912e+00
   2.0357555e+00
   2.0618198e+00
   2.0878840e+00
   2.1042383e+00
   2.1186358e+00
   2.1330332e+00
   2.1474307e+00
   2.1618281e+00
   2.1762256e+00
   2.1906230e+00
   2.2050205e+00
   2.2194179e+00
   2.2338154e+00
   2.2482128e+00
   2.2626102e+00
   2.2770077e+00
   2.2914051e+00
   2.3058026e+00
   2.3202000e+00
   2.3345975e+00
   2.3489949e+00
   2.3633924e+00
   2.3777898e+00
   2.3921873e+00
   2.4065847e+00
   2.4209822e+00
   2.4353796e+00
   2.4497771e+00
   2.4641745e+00
   2.4785720e+00
   2.4929694e+00
   2.5073669e+00
   2.5217643e+00
   2.5361618e+00
   2.5505592e+00
   2.5649567e+00
   2.5793541e+00
   2.5937515e+00
   2.6081490e+00
   2.6225464e+00
   2.6369439e+00
   2.6513413e+00
   2.6657388e+00
   2.6801362e+00
   2.6945337e+00
   2.7089311e+00
   2.7233286e+00
   2.7377260e+00
   2.7521235e+00
   2.7665209e+00
   2.7809667e+00
   2.7956080e+00
   2.8102492e+00
   2.8248905e+00
   2.8395317e+00
   2.8541730e+00
   2.8688142e+00
   2.8834555e+00
   2.8980967e+00
   2.9127380e+00
   2.9273793e+00
   2.9420205e+00
   2.9566618e+00
   2.9713030e+00
   2.9859443e+00
   3.0005855e+00
   3.0152268e+00
   3.0298680e+00
   3.0445093e+00
   3.0591505e+00
   3.0737918e+00
   3.0884330e+00
   3.1030743e+00
   3.1177155e+00
   3.1323568e+00
   3.1469980e+00
   3.1616393e+00
   3.1762805e+00
   3.1909218e+00
   3.2055630e+00
   3.2202043e+00
   3.2348455e+00
   3.2494868e+00
   3.2641280e+00
   3.2787693e+00
   3.2934106e+00
   3.3080518e+00
   3.3226931e+00
   3.3373343e+00
   3.3519756e+00
   3.3666168e+00
   3.3812581e+00
   3.3958993e+00
   3.4105406e+00
   3.4251818e+00
   3.4398231e+00
   3.4531913e+00
   3.4552317e+00
   3.4572721e+00
   3.4593125e+00
   3.4613529e+00
   3.4633933e+00
   3.4654337e+00
   3.4674741e+00
   3.4695145e+00
   3.4715548e+00
   3.4735952e+00
   3.4756356e+00
   3.4776760e+00
   3.4797164e+00
   3.4817568e+00
   3.4837972e+00
   3.4858376e+00
   3.4878780e+00
   3.4899184e+00
   3.4919587e+00
   3.4939991e+00
   3.4960395e+00
   3.4980799e+00
   3.5001203e+00
   3.5021607e+00
   3.5042011e+00
   3.5062415e+00
   3.5082819e+00
   3.5103223e+00
   3.5123626e+00
   3.5144030e+00
   3.5164434e+00
   3.5184838e+00
   3.5205242e+00
   3.5225646e+00
   3.5246050e+00
   3.5266454e+00
   3.5286858e+00
   3.5307262e+00
   3.5327666e+00
   3.5348069e+00
   3.5368473e+00
   3.5388877e+00
   3.5409281e+00
   3.5429685e+00
   3.5450089e+00
   3.5470493e+00
   3.5490897e+00
   3.5511301e+00
   3.5531705e+00
   3.5552108e+00
   3.5572512e+00
   3.5592916e+00
   3.5613320e+00
   3.5633724e+00
   3.5659872e+00
   3.5699655e+00
   3.5739438e+00
   3.5779221e+00
   3.5819004e+00
   3.5858787e+00
   3.5898569e+00
   3.5938352e+00
   3.5978135e+00
   3.6017918e+00
   3.6057701e+00
   3.6097484e+00
   3.6137267e+00
   3.6177049e+00
   3.6216832e+00
   3.6256615e+00
   3.6296398e+00
   3.6336181e+00
   3.6375964e+00
   3.6415747e+00
   3.6455530e+00
   3.6495312e+00
   3.6535095e+00
   3.6574878e+00
   3.6614661e+00
   3.6654444e+00
   3.6694227e+00
   3.6734010e+00
   3.6773792e+00
   3.6813575e+00
   3.6853358e+00
   3.6893141e+00
   3.6932924e+00
   3.6972707e+00
   3.7012490e+00
   3.7052273e+00
   3.7092055e+00
   3.7131838e+00
   3.7171621e+00
   3.7211404e+00
   3.7251187e+00
   3.7290970e+00
   3.7330753e+00
   3.7370535e+00
   3.7410318e+00
   3.7450101e+00
   3.7489884e+00
   3.7529667e+00
   3.7569450e+00
   3.7609233e+00
   3.7649016e+00
   3.7688798e+00
   3.7728581e+00
   3.7768364e+00
   3.7808147e+00
   3.7847930e+00
   3.7887713e+00
   3.7927496e+00
   3.7967278e+00
   3.8007061e+00
   3.8046844e+00
   3.8086627e+00
   3.8094555e+00
   3.8096110e+00
   3.8097665e+00
   3.8099221e+00
   3.8100776e+00
   3.8102331e+00
   3.8103887e+00
   3.8105442e+00
   3.8106997e+00
   3.8108553e+00
   3.8110108e+00
   3.8111663e+00
   3.8113218e+00
   3.8114774e+00
   3.8116329e+00
   3.8117884e+00
   3.8119440e+00
   3.8120995e+00
   3.8122550e+00
   3.8124105e+00
   3.8125661e+00
   3.8127216e+00
   3.8128771e+00
   3.8130327e+00
   3.8131882e+00
   3.8133437e+00
   3.8134992e+00
   3.8136548e+00
   3.8138103e+00
   3.8139658e+00
   3.8141214e+00
   3.8142769e+00
   3.8144324e+00
   3.8145880e+00
   3.8147435e+00
   3.8148990e+00
   3.8150545e+00
   3.8152101e+00
   3.8153656e+00
   3.8155211e+00
   3.8156767e+00
   3.8158322e+00
   3.8159877e+00
   3.8161432e+00
   3.8162988e+00
   3.8164543e+00
   3.8166098e+00
   3.8167654e+00
   3.8169209e+00
   3.8170764e+00
   3.8172319e+00
   3.8173875e+00
   3.8175430e+00
   3.8176985e+00
   3.8178541e+00
   3.8180096e+00
   3.8181651e+00
   3.8183206e+00
   3.8184762e+00
   3.8186317e+00
   3.8187872e+00
   3.8189428e+00
   3.8190983e+00
   3.8192538e+00
   3.8194094e+00
   3.8195649e+00
   3.8197204e+00
   3.8198759e+00
   3.8200315e+00
   3.8201870e+00
   3.8203425e+00
   3.8204981e+00
   3.8206536e+00
   3.8208091e+00
   3.8215221e+00
   3.8226637e+00
   3.8238054e+00
   3.8249470e+00
   3.8260886e+00
   3.8272302e+00
   3.8283718e+00
   3.8295134e+00
   3.8306550e+00
   3.8317966e+00
   3.8329382e+00
   3.8340798e+00
   3.8352214e+00
   3.8363630e+00
   3.8375046e+00
   3.8386462e+00
   3.8397878e+00
   3.8409294e+00
   3.8420711e+00
   3.8432127e+00
   3.8443543e+00
   3.8454959e+00
   3.8466375e+00
   3.8477791e+00
   3.8489207e+00
   3.8500623e+00
   3.8512039e+00
   3.8523455e+00
   3.8534871e+00
   3.8546287e+00
   3.8557703e+00
   3.8569119e+00
   3.8580535e+00
   3.8591951e+00
   3.8603368e+00
   3.8614784e+00
   3.8626200e+00
   3.8637616e+00
   3.8649032e+00
   3.8660448e+00
   3.8671864e+00
   3.8683280e+00
   3.8694696e+00
   3.8706112e+00
   3.8717528e+00
   3.8728944e+00
   3.8740360e+00
   3.8751776e+00
   3.8763192e+00
   3.8774608e+00
   3.8786025e+00
   3.8797441e+00
   3.8808857e+00
   3.8820273e+00
   3.8831689e+00
   3.8838292e+00
   3.8830346e+00
   3.8822400e+00
   3.8814454e+00
   3.8806508e+00
   3.8798562e+00
   3.8790615e+00
   3.8782669e+00
   3.8774723e+00
   3.8766777e+00
   3.8758831e+00
   3.8750885e+00
   3.8742939e+00
   3.8734993e+00
   3.8727047e+00
   3.8719100e+00
   3.8711154e+00
   3.8703208e+00
   3.8695262e+00
   3.8687316e+00
   3.8679370e+00
   3.8671424e+00
   3.8663478e+00
   3.8655532e+00
   3.8647586e+00
   3.8639639e+00
   3.8631693e+00
   3.8623747e+00
   3.8615801e+00
   3.8607855e+00
   3.8599909e+00
   3.8591963e+00
   3.8584017e+00
   3.8576071e+00
   3.8568124e+00
   3.8560178e+00
   3.8552232e+00
   3.8544286e+00
   3.8536340e+00
   3.8528394e+00
   3.8520448e+00
   3.8512502e+00
   3.8504556e+00
   3.8496609e+00
   3.8488663e+00
   3.8480717e+00
   3.8472771e+00
   3.8464825e+00
   3.8454128e+00
   3.8419336e+00
   3.8384543e+00
   3.8349750e+00
   3.8314958e+00
   3.8280165e+00
   3.8245372e+00
   3.8210580e+00
   3.8175787e+00
   3.8140995e+00
   3.8106202e+00
   3.8071409e+00
   3.8036617e+00
   3.8001824e+00
   3.7967031e+00
   3.7932239e+00
   3.7897446e+00
   3.7862654e+00
   3.7827861e+00
   3.7793068e+00
   3.7758276e+00
   3.7723483e+00
   3.7688690e+00
   3.7653898e+00
   3.7619105e+00
   3.7584312e+00
   3.7549520e+00
   3.7514727e+00
   3.7479935e+00
   3.7445142e+00
   3.7410349e+00
   3.7375557e+00
   3.7340764e+00
   3.7305971e+00
   3.7271179e+00
   3.7236386e+00
   3.7201593e+00
   3.7166801e+00
   3.7132008e+00
   3.7097216e+00
   3.7062423e+00
   3.7027630e+00
   3.6992838e+00
   3.6958045e+00
   3.6923252e+00
   3.6888460e+00
   3.6853667e+00
   3.6818875e+00
   3.6784082e+00
   3.6749289e+00
   3.6714497e+00
   3.6679704e+00
   3.6644911e+00
   3.6610119e+00
   3.6575326e+00
   3.6540533e+00
   3.6505741e+00
   3.6470948e+00
   3.6436156e+00
   3.6401363e+00
   3.6366570e+00
   3.6331778e+00
   3.6296985e+00
   3.6262192e+00
   3.6227400e+00
   3.6192607e+00
   3.6157814e+00
   3.6123022e+00
   3.6088229e+00
   3.6064857e+00
   3.6041708e+00
   3.6018559e+00
   3.5995411e+00
   3.5972262e+00
   3.5949113e+00
   3.5925964e+00
   3.5902815e+00
   3.5879666e+00
   3.5856517e+00
   3.5833368e+00
   3.5810219e+00
   3.5787070e+00
   3.5763922e+00
   3.5740773e+00
   3.5717624e+00
   3.5694475e+00
   3.5671326e+00
   3.5648177e+00
   3.5625028e+00
   3.5601879e+00
   3.5578730e+00
   3.5555582e+00
   3.5532433e+00
   3.5509284e+00
   3.5486135e+00
   3.5462986e+00
   3.5439837e+00
   3.5416688e+00
   3.5393539e+00
   3.5370390e+00
   3.5347241e+00
   3.5324093e+00
   3.5300944e+00
   3.5277795e+00
   3.5254646e+00
   3.5231497e+00
   3.5208348e+00
   3.5185199e+00
   3.5162050e+00
   3.5138901e+00
   3.5115753e+00
   3.5092604e+00
   3.5069455e+00
   3.5046306e+00
   3.5023157e+00
   3.5000008e+00
   3.4976859e+00
   3.4953710e+00
   3.4930561e+00
   3.4907412e+00
   3.4884264e+00
   3.4861115e+00
   3.4837966e+00
   3.4814817e+00
   3.4791668e+00
   3.4768519e+00
   3.4745370e+00
   3.4722221e+00
   3.4699072e+00
   3.4675923e+00
   3.4652775e+00
   3.4629626e+00
   3.4606477e+00
   3.4583328e+00
   3.4560179e+00
   3.4537030e+00
   3.4513881e+00
   3.4490732e+00
   3.4467583e+00
   3.4444435e+00
   3.4421286e+00
   3.4398137e+00
   3.4374988e+00
   3.4351839e+00
   3.4328690e+00
   3.4305541e+00
   3.4282392e+00
   3.4259243e+00
   3.4236094e+00
   3.4212946e+00
   3.4189797e+00
   3.4166648e+00
   3.4143499e+00
   3.4120350e+00
   3.4097201e+00
   3.4074052e+00
   3.4050903e+00
   3.4027754e+00
   3.4004606e+00
   3.3967277e+00
   3.3900196e+00
   3.3833114e+00
   3.3766032e+00
   3.3698950e+00
   3.3631868e+00
   3.3564786e+00
   3.3497704e+00
   3.3430623e+00
   3.3363541e+00
   3.3296459e+00
   3.3229377e+00
   3.3162295e+00
   3.3095213e+00
   3.3028132e+00
   3.2961050e+00
   3.2893968e+00
   3.2826886e+00
   3.2759804e+00
   3.2692722e+00
   3.2625640e+00
   3.2558559e+00
   3.2491477e+00
   3.2424395e+00
   3.2357313e+00
   3.2290231e+00
   3.2223149e+00
   3.2156067e+00
   3.2088986e+00
   3.2021904e+00
   3.1954822e+00
   3.1887740e+00
   3.1820658e+00
   3.1753576e+00
   3.1686495e+00
   3.1619413e+00
   3.1552331e+00
   3.1485249e+00
   3.1418167e+00
   3.1351085e+00
   3.1284003e+00
   3.1216922e+00
   3.1149840e+00
   3.1082758e+00
   3.1015676e+00
   3.0948594e+00
   3.0881512e+00
   3.0814430e+00
   3.0747349e+00
   3.0680267e+00
   3.0613185e+00
   3.0546103e+00
   3.0479021e+00
   3.0411939e+00
   3.0344858e+00
   3.0277776e+00
   3.0210694e+00
   3.0143612e+00
   3.0076530e+00
   3.0009448e+00
   2.9942366e+00
   2.9875285e+00
   2.9808203e+00
   2.9741121e+00
   2.9674039e+00
   2.9606957e+00
   2.9539875e+00
   2.9472793e+00
   2.9405712e+00
   2.9338630e+00
   2.9271548e+00
   2.9204466e+00
   2.9137384e+00
   2.9070302e+00
   2.9003221e+00
   2.8936139e+00
   2.8869057e+00
   2.8801975e+00
   2.8734893e+00
   2.8667811e+00
   2.8600729e+00
   2.8533648e+00
   2.8466566e+00
   2.8399484e+00
   2.8332402e+00
   2.8265320e+00
   2.8198238e+00
   2.8131156e+00
   2.8064075e+00
   2.7996993e+00
   2.7929911e+00
   2.7862829e+00
   2.7795747e+00
   2.7728665e+00
   2.7661584e+00
   2.7594502e+00
   2.7527420e+00
   2.7460338e+00
   2.7393256e+00
   2.7326174e+00
   2.7259092e+00
   2.7192011e+00
   2.7124929e+00
   2.7057847e+00
   2.6990765e+00
   2.6923683e+00
   2.6856601e+00
   2.6789519e+00
   2.6722438e+00
   2.6655356e+00
   2.6588274e+00
   2.6521192e+00
   2.6454110e+00
   2.6387028e+00
   2.6319947e+00
   2.6252865e+00
   2.6185783e+00
   2.6145210e+00
   2.6126964e+00
   2.6108717e+00
   2.6090471e+00
   2.6072224e+00
   2.6053978e+00
   2.6035732e+00
   2.6017485e+00
   2.5999239e+00
   2.5980992e+00
   2.5962746e+00
   2.5944499e+00
   2.5926253e+00
   2.5908007e+00
   2.5889760e+00
   2.5871514e+00
   2.5853267e+00
   2.5835021e+00
   2.5816774e+00
   2.5798528e+00
   2.5780281e+00
   2.5762035e+00
   2.5743789e+00
   2.5725542e+00
   2.5707296e+00
   2.5689049e+00
   2.5670803e+00
   2.5652556e+00
   2.5634310e+00
   2.5616064e+00
   2.5597817e+00
   2.5579571e+00
   2.5561324e+00
   2.5543078e+00
   2.5524831e+00
   2.5506585e+00
   2.5488338e+00
   2.5470092e+00
   2.5451846e+00
   2.5433599e+00
   2.5415353e+00
   2.5397106e+00
   2.5378860e+00
   2.5360613e+00
   2.5342367e+00
   2.5324120e+00
   2.5305874e+00
   2.5287628e+00
   2.5269381e+00
   2.5251135e+00
   2.5232888e+00
   2.5214642e+00
   2.5196395e+00
   2.5178149e+00
   2.5159903e+00
   2.5141656e+00
   2.5123410e+00
   2.5105163e+00
   2.5086917e+00
   2.5068670e+00
   2.5050424e+00
   2.5032177e+00
   2.5013931e+00
   2.4995685e+00
   2.4977438e+00
   2.4959192e+00
   2.4940945e+00
   2.4922699e+00
   2.4904452e+00
   2.4886206e+00
   2.4867960e+00
   2.4849713e+00
   2.4831467e+00
   2.4813220e+00
   2.4794974e+00
   2.4776727e+00
   2.4758481e+00
   2.4740234e+00
   2.4721988e+00
   2.4703742e+00
   2.4685495e+00
   2.4667249e+00
   2.4649002e+00
   2.4630756e+00
   2.4612509e+00
   2.4594263e+00
   2.4576017e+00
   2.4557770e+00
   2.4539524e+00
   2.4521277e+00
   2.4503031e+00
   2.4484784e+00
   2.4466538e+00
   2.4448291e+00
   2.4430045e+00
   2.4411799e+00
   2.4393552e+00
   2.4375306e+00
   2.4357059e+00
   2.4338813e+00
   2.4320566e+00
   2.4302320e+00
   2.4284074e+00
   2.4265827e+00
   2.4247581e+00
   2.4229334e+00
   2.4211088e+00
   2.4192841e+00
   2.4174595e+00
   2.4156348e+00
   2.4138102e+00
   2.4119856e+00
   2.4101609e+00
   2.4083363e+00
   2.4065116e+00
   2.4046870e+00
   2.4028623e+00
   2.4010377e+00
   2.3992131e+00
   2.3973884e+00
   2.3955638e+00
   2.3937391e+00
   2.3919145e+00
   2.3900898e+00
   2.3882652e+00
   2.3864405e+00
   2.3846159e+00
   2.3827913e+00
   2.3809666e+00
   2.3791420e+00
   2.3773173e+00
   2.3754927e+00
   2.3748190e+00
   2.3758927e+00
   2.3769663e+00
   2.3780400e+00
   2.3791136e+00
   2.3801873e+00
   2.3812609e+00
   2.3823346e+00
   2.3834082e+00
   2.3844819e+00
   2.3855555e+00
   2.3866292e+00
   2.3877028e+00
   2.3887764e+00
   2.3898501e+00
   2.3909237e+00
   2.3919974e+00
   2.3930710e+00
   2.3941447e+00
   2.3952183e+00
   2.3962920e+00
   2.3973656e+00
   2.3984393e+00
   2.3995129e+00
   2.4005866e+00
   2.4016602e+00
   2.4027339e+00
   2.4038075e+00
   2.4048812e+00
   2.4059548e+00
   2.4070284e+00
   2.4081021e+00
   2.4091757e+00
   2.4102494e+00
   2.4113230e+00
   2.4123967e+00
   2.4134703e+00
   2.4145440e+00
   2.4156176e+00
   2.4166913e+00
   2.4177649e+00
   2.4188386e+00
   2.4199122e+00
   2.4209859e+00
   2.4220595e+00
   2.4231331e+00
   2.4242068e+00
   2.4252804e+00
   2.4263541e+00
   2.4274277e+00
   2.4285014e+00
   2.4295750e+00
   2.4306487e+00
   2.4317223e+00
   2.4327960e+00
   2.4338696e+00
   2.4349433e+00
   2.4360169e+00
   2.4370906e+00
   2.4381642e+00
   2.4392378e+00
   2.4403115e+00
   2.4413851e+00
   2.4424588e+00
   2.4435324e+00
   2.4446061e+00
   2.4456797e+00
   2.4467534e+00
   2.4478270e+00
   2.4489007e+00
   2.4499743e+00
   2.4510480e+00
   2.4521216e+00
   2.4531953e+00
   2.4542689e+00
   2.4553426e+00
   2.4564162e+00
   2.4574898e+00
   2.4585635e+00
   2.4596371e+00
   2.4607108e+00
   2.4617844e+00
   2.4628581e+00
   2.4639317e+00
   2.4650054e+00
   2.4660790e+00
   2.4671527e+00
   2.4682263e+00
   2.4693000e+00
   2.4703736e+00
   2.4714473e+00
   2.4725209e+00
   2.4735945e+00
   2.4746682e+00
   2.4757418e+00
   2.4768155e+00
   2.4778891e+00
   2.4789628e+00
   2.4800364e+00
   2.4811101e+00
   2.4821837e+00
   2.4832574e+00
   2.4843310e+00
   2.4854047e+00
   2.4864783e+00
   2.4875520e+00
   2.4886256e+00
   2.4896992e+00
   2.4907729e+00
   2.4918465e+00
   2.4929202e+00
   2.4939938e+00
   2.4950675e+00
   2.4961411e+00
   2.4972148e+00
   2.4982884e+00
   2.4993621e+00
   2.5004357e+00
   2.5015094e+00
   2.5025830e+00
   2.5036567e+00
   2.5047303e+00
   2.5058039e+00
   2.5068776e+00
   2.5079512e+00
   2.5090249e+00
   2.5100985e+00
   2.5111722e+00
   2.5122458e+00
   2.5133195e+00
   2.5143931e+00
   2.5154668e+00
   2.5122284e+00
   2.5076554e+00
   2.5030823e+00
   2.4985092e+00
   2.4939362e+00
   2.4893631e+00
   2.4847900e+00
   2.4802169e+00
   2.4756439e+00
   2.4710708e+00
   2.4664977e+00
   2.4619247e+00
   2.4573516e+00
   2.4527785e+00
   2.4482055e+00
   2.4436324e+00
   2.4390593e+00
   2.4344863e+00
   2.4299132e+00
   2.4253401e+00
   2.4207670e+00
   2.4161940e+00
   2.4116209e+00
   2.4070478e+00
   2.4024748e+00
   2.3979017e+00
   2.3933286e+00
   2.3887556e+00
   2.3841825e+00
   2.3796094e+00
   2.3750363e+00
   2.3704633e+00
   2.3658902e+00
   2.3613171e+00
   2.3567441e+00
   2.3521710e+00
   2.3475979e+00
   2.3430249e+00
   2.3384518e+00
   2.3338787e+00
   2.3293057e+00
   2.3247326e+00
   2.3201595e+00
   2.3155864e+00
   2.3110134e+00
   2.3064403e+00
   2.3018672e+00
   2.2972942e+00
   2.2927211e+00
   2.2881480e+00
   2.2835750e+00
   2.2790019e+00
   2.2744288e+00
   2.2698558e+00
   2.2652827e+00
   2.2607096e+00
   2.2561365e+00
   2.2515635e+00
   2.2469904e+00
   2.2424173e+00
   2.2378443e+00
   2.2332712e+00
   2.2286981e+00
   2.2241251e+00
   2.2195520e+00
   2.2149789e+00
   2.2104058e+00
   2.2058328e+00
   2.2012597e+00
   2.1966866e+00
   2.1921136e+00
   2.1875405e+00
   2.1829674e+00
   2.1783944e+00
   2.1738213e+00
   2.1692482e+00
   2.1646752e+00
   2.1601021e+00
   2.1555290e+00
   2.1509559e+00
   2.1463829e+00
   2.1418098e+00
   2.1372367e+00
   2.1326637e+00
   2.1280906e+00
   2.1235175e+00
   2.1189445e+00
   2.1143714e+00
   2.1097983e+00
   2.1052253e+00
   2.1006522e+00
   2.0960791e+00
   2.0915060e+00
   2.0869330e+00
   2.0823599e+00
   2.0777868e+00
   2.0732138e+00
   2.0686407e+00
   2.0640676e+00
   2.0594946e+00
   2.0549215e+00
   2.0503484e+00
   2.0457753e+00
   2.0412023e+00
   2.0366292e+00
   2.0320561e+00
   2.0274831e+00
   2.0229100e+00
   2.0183369e+00
   2.0137639e+00
   2.0091908e+00
   2.0046177e+00
   2.0000447e+00
   1.9954716e+00
   1.9908985e+00
   1.9863254e+00
   1.9817524e+00
   1.9771793e+00
   1.9726062e+00
   1.9680332e+00
   1.9634601e+00
   1.9588870e+00
   1.9543140e+00
   1.9497409e+00
   1.9451678e+00
   1.9405948e+00
   1.9360217e+00
   1.9314486e+00
   1.9268755e+00
   1.9223025e+00
   1.9177294e+00
   1.9131563e+00
   1.9085833e+00
   1.9040102e+00
   1.8994371e+00
   1.8948641e+00
   1.8902910e+00
   1.8857179e+00
   1.8811449e+00
   1.8765718e+00
   1.8719987e+00
   1.8674256e+00
   1.8628526e+00
   1.8582795e+00
   1.8537064e+00
   1.8491334e+00
   1.8445603e+00
   1.8399872e+00
   1.8354142e+00
   1.8308411e+00
   1.8262680e+00
   1.8216949e+00
   1.8178858e+00
   1.8145020e+00
   1.8111181e+00
   1.8077342e+00
   1.8043503e+00
   1.8009664e+00
   1.7975826e+00
   1.7941987e+00
   1.7908148e+00
   1.7874309e+00
   1.7840471e+00
   1.7806632e+00
   1.7772793e+00
   1.7738954e+00
   1.7705115e+00
   1.7671277e+00
   1.7637438e+00
   1.7603599e+00
   1.7569760e+00
   1.7535921e+00
   1.7502083e+00
   1.7468244e+00
   1.7434405e+00
   1.7400566e+00
   1.7366728e+00
   1.7332889e+00
   1.7299050e+00
   1.7265211e+00
   1.7231372e+00
   1.7197534e+00
   1.7163695e+00
   1.7129856e+00
   1.7096017e+00
   1.7062179e+00
   1.7028340e+00
   1.6994501e+00
   1.6960662e+00
   1.6926823e+00
   1.6892985e+00
   1.6859146e+00
   1.6825307e+00
   1.6791468e+00
   1.6757629e+00
   1.6723791e+00
   1.6689952e+00
   1.6656113e+00
   1.6622274e+00
   1.6588436e+00
   1.6554597e+00
   1.6520758e+00
   1.6486919e+00
   1.6453080e+00
   1.6419242e+00
   1.6385403e+00
   1.6351564e+00
   1.6317725e+00
   1.6283887e+00
   1.6250048e+00
   1.6216209e+00
   1.6182370e+00
   1.6148531e+00
   1.6114693e+00
   1.6080854e+00
   1.6047015e+00
   1.6013176e+00
   1.5979337e+00
   1.5945499e+00
   1.5911660e+00
   1.5877821e+00
   1.5843982e+00
   1.5810144e+00
   1.5776305e+00
   1.5742466e+00
   1.5708627e+00
   1.5674788e+00
   1.5640950e+00
   1.5607111e+00
   1.5573272e+00
   1.5539433e+00
   1.5505595e+00
   1.5471756e+00
   1.5437917e+00
   1.5404078e+00
   1.5370239e+00
   1.5336401e+00
   1.5302562e+00
   1.5268723e+00
   1.5234884e+00
   1.5201045e+00
   1.5167207e+00
   1.5133368e+00
   1.5099529e+00
   1.5065690e+00
   1.5031852e+00
   1.4998013e+00
   1.4964174e+00
   1.4930335e+00
   1.4896496e+00
   1.4862658e+00
   1.4828819e+00
   1.4794980e+00
   1.4761141e+00
   1.4727302e+00
   1.4693464e+00
   1.4659625e+00
   1.4625786e+00
   1.4591947e+00
   1.4558109e+00
   1.4524270e+00
   1.4490431e+00
   1.4456592e+00
   1.4422753e+00
   1.4388915e+00
   1.4355076e+00
   1.4321237e+00
   1.4287398e+00
   1.4253560e+00
   1.4219721e+00
   1.4185882e+00
   1.4152043e+00
   1.4118204e+00
   1.4084366e+00
   1.4050527e+00
   1.4016688e+00
   1.3982849e+00
   1.3949010e+00
   1.3915172e+00
   1.3881333e+00
   1.3847494e+00
   1.3813655e+00
   1.3779817e+00
   1.3745978e+00
   1.3712139e+00
   1.3678300e+00
   1.3644461e+00
   1.3610623e+00
   1.3576784e+00
   1.3542945e+00
   1.3509106e+00
   1.3475268e+00
   1.3441429e+00
   1.3407590e+00
   1.3373751e+00
   1.3339912e+00
   1.3306074e+00
   1.3272235e+00
   1.3238396e+00
   1.3204557e+00
   1.3170718e+00
   1.3136880e+00
   1.3103041e+00
   1.3069202e+00
   1.3035363e+00
   1.3001525e+00
   1.2967686e+00
   1.2933847e+00
   1.2900008e+00
   1.2866169e+00
   1.2832331e+00
   1.2798492e+00
   1.2764653e+00
   1.2730814e+00
   1.2696976e+00
   1.2663137e+00
   1.2629298e+00
   1.2595459e+00
   1.2561620e+00
   1.2527782e+00
   1.2493943e+00
   1.2460104e+00
   1.2444833e+00
   1.2442229e+00
   1.2439624e+00
   1.2437020e+00
   1.2434415e+00
   1.2431811e+00
   1.2429207e+00
   1.2426602e+00
   1.2423998e+00
   1.2421393e+00
   1.2418789e+00
   1.2416184e+00
   1.2413580e+00
   1.2410976e+00
   1.2408371e+00
   1.2405767e+00
   1.2403162e+00
   1.2400558e+00
   1.2397953e+00
   1.2395349e+00
   1.2392745e+00
   1.2390140e+00
   1.2387536e+00
   1.2384931e+00
   1.2382327e+00
   1.2379722e+00
   1.2377118e+00
   1.2374514e+00
   1.2371909e+00
   1.2369305e+00
   1.2366700e+00
   1.2364096e+00
   1.2361491e+00
   1.2358887e+00
   1.2356283e+00
   1.2353678e+00
   1.2351074e+00
   1.2348469e+00
   1.2345865e+00
   1.2343261e+00
   1.2340656e+00
   1.2338052e+00
   1.2335447e+00
   1.2332843e+00
   1.2330238e+00
   1.2327634e+00
   1.2325030e+00
   1.2322425e+00
   1.2319821e+00
   1.2317216e+00
   1.2314612e+00
   1.2312007e+00
   1.2309403e+00
   1.2306799e+00
   1.2304194e+00
   1.2301590e+00
   1.2298985e+00
   1.2296381e+00
   1.2293776e+00
   1.2291172e+00
   1.2288568e+00
   1.2285963e+00
   1.2283359e+00
   1.2280754e+00
   1.2278150e+00
   1.2275546e+00
   1.2272941e+00
   1.2270337e+00
   1.2267732e+00
   1.2265128e+00
   1.2262523e+00
   1.2259919e+00
   1.2257315e+00
   1.2254710e+00
   1.2252106e+00
   1.2249501e+00
   1.2246897e+00
   1.2244292e+00
   1.2241688e+00
   1.2239084e+00
   1.2236479e+00
   1.2233875e+00
   1.2231270e+00
   1.2228666e+00
   1.2226061e+00
   1.2223457e+00
   1.2220853e+00
   1.2218248e+00
   1.2215644e+00
   1.2213039e+00
   1.2210435e+00
   1.2207831e+00
   1.2205226e+00
   1.2202622e+00
   1.2200017e+00
   1.2197413e+00
   1.2194808e+00
   1.2192204e+00
   1.2189600e+00
   1.2186995e+00
   1.2184391e+00
   1.2181786e+00
   1.2179182e+00
   1.2176577e+00
   1.2173973e+00
   1.2171369e+00
   1.2168764e+00
   1.2166160e+00
   1.2163555e+00
   1.2160951e+00
   1.2158346e+00
   1.2155742e+00
   1.2153138e+00
   1.2150533e+00
   1.2147929e+00
   1.2145324e+00
   1.2142720e+00
   1.2140116e+00
   1.2137511e+00
   1.2134907e+00
   1.2132302e+00
   1.2129698e+00
   1.2127093e+00
   1.2124489e+00
   1.2121885e+00
   1.2119280e+00
   1.2116676e+00
   1.2114071e+00
   1.2111467e+00
   1.2108862e+00
   1.2106258e+00
   1.2103654e+00
   1.2101049e+00
   1.2098445e+00
   1.2095840e+00
   1.2093236e+00
   1.2090631e+00
   1.2088027e+00
   1.2085423e+00
   1.2082818e+00
   1.2080214e+00
   1.2077609e+00
   1.2075005e+00
   1.2072400e+00
   1.2069796e+00
   1.2067192e+00
   1.2064587e+00
   1.2061983e+00
   1.2059378e+00
   1.2056774e+00
   1.2054170e+00
   1.2051565e+00
   1.2048961e+00
   1.2046356e+00
   1.2043752e+00
   1.2041147e+00
   1.2038543e+00
   1.2035939e+00
   1.2033334e+00
   1.2030730e+00
   1.2028125e+00
   1.2025521e+00
   1.2022916e+00
   1.2020312e+00
   1.2017708e+00
   1.2015103e+00
   1.2012499e+00
   1.2009894e+00
   1.2007290e+00
   1.2004685e+00
   1.2002081e+00
   1.1999477e+00
   1.1996872e+00
   1.1994268e+00
   1.1991663e+00
   1.1977534e+00
   1.1962626e+00
   1.1947719e+00
   1.1932811e+00
   1.1917904e+00
   1.1902996e+00
   1.1888089e+00
   1.1873181e+00
   1.1858274e+00
   1.1843367e+00
   1.1828459e+00
   1.1813552e+00
   1.1798644e+00
   1.1783737e+00
   1.1768829e+00
   1.1753922e+00
   1.1739014e+00
   1.1724107e+00
   1.1709199e+00
   1.1694292e+00
   1.1679384e+00
   1.1664477e+00
   1.1649570e+00
   1.1634662e+00
   1.1619755e+00
   1.1604847e+00
   1.1589940e+00
   1.1575032e+00
   1.1560125e+00
   1.1545217e+00
   1.1530310e+00
   1.1515402e+00
   1.1500495e+00
   1.1485588e+00
   1.1470680e+00
   1.1455773e+00
   1.1440865e+00
   1.1425958e+00
   1.1411050e+00
   1.1396143e+00
   1.1381235e+00
   1.1366328e+00
   1.1351420e+00
   1.1336513e+00
   1.1321605e+00
   1.1306698e+00
   1.1291791e+00
   1.1276883e+00
   1.1261976e+00
   1.1247068e+00
   1.1232161e+00
   1.1217253e+00
   1.1202346e+00
   1.1187438e+00
   1.1172531e+00
   1.1157623e+00
   1.1142716e+00
   1.1127808e+00
   1.1112901e+00
   1.1097994e+00
   1.1083086e+00
   1.1068179e+00
   1.1053271e+00
   1.1038364e+00
   1.1023456e+00
   1.1008549e+00
   1.0993641e+00
   1.0978734e+00
   1.0963826e+00
   1.0948919e+00
   1.0934012e+00
   1.0919104e+00
   1.0904197e+00
   1.0889289e+00
   1.0874382e+00
   1.0859474e+00
   1.0844567e+00
   1.0829659e+00
   1.0814752e+00
   1.0799844e+00
   1.0784937e+00
   1.0770029e+00
   1.0755122e+00
   1.0740215e+00
   1.0725307e+00
   1.0710400e+00
   1.0695492e+00
   1.0680585e+00
   1.0665677e+00
   1.0650770e+00
   1.0635862e+00
   1.0620955e+00
   1.0606047e+00
   1.0591140e+00
   1.0576233e+00
   1.0561325e+00
   1.0546418e+00
   1.0531510e+00
   1.0516603e+00
   1.0501695e+00
   1.0486788e+00
   1.0471880e+00
   1.0456973e+00
   1.0442065e+00
   1.0427158e+00
   1.0412250e+00
   1.0397343e+00
   1.0382436e+00
   1.0367528e+00
   1.0352621e+00
   1.0337713e+00
   1.0322806e+00
   1.0307898e+00
   1.0292991e+00
   1.0278083e+00
   1.0263176e+00
   1.0248268e+00
   1.0233361e+00
   1.0218453e+00
   1.0203546e+00
   1.0188639e+00
   1.0173731e+00
   1.0158824e+00
   1.0143916e+00
   1.0129009e+00
   1.0114101e+00
   1.0099194e+00
   1.0084286e+00
   1.0069379e+00
   1.0054471e+00
   1.0039564e+00
   1.0024657e+00
   1.0009749e+00
   9.9948416e-01
   9.9799341e-01
   9.9650267e-01
   9.9501192e-01
   9.9352118e-01
   9.9203043e-01
   9.9053968e-01
   9.8904894e-01
   9.8755819e-01
   9.8606745e-01
   9.8457670e-01
   9.8308595e-01
   9.8159521e-01
   9.8010446e-01
   9.7861372e-01
   9.7712297e-01
   9.7563222e-01
   9.7414148e-01
   9.7265073e-01
   9.7115999e-01
   9.6966924e-01
   9.6817849e-01
   9.6668775e-01
   9.6519700e-01
   9.6370626e-01
   9.6221551e-01
   9.6072477e-01
   9.5923402e-01
   9.5774327e-01
   9.5625253e-01
   9.5476178e-01
   9.5327104e-01
   9.5178029e-01
   9.5028954e-01
   9.4879880e-01
   9.4730805e-01
   9.4581731e-01
   9.4432656e-01
   9.4283581e-01
   9.4134507e-01
   9.3985432e-01
   9.3836358e-01
   9.3687283e-01
   9.3538208e-01
   9.3389134e-01
   9.3240059e-01
   9.3090985e-01
   9.2941910e-01
   9.2792836e-01
   9.2643761e-01
   9.2494686e-01
   9.2345612e-01
   9.2196537e-01
   9.2047463e-01
   9.1898388e-01
   9.1749313e-01
   9.1600239e-01
   9.1451164e-01
   9.1302090e-01
   9.1153015e-01
   9.1003940e-01
   9.0854866e-01
   9.0705791e-01
   9.0556717e-01
   9.0407642e-01
   9.0258567e-01
   9.0109493e-01
   8.9960418e-01
   8.9811344e-01
   8.9662269e-01
   8.9513194e-01
   8.9364120e-01
   8.9215045e-01
   8.9065971e-01
   8.8916896e-01
   8.8767822e-01
   8.8618747e-01
   8.8469672e-01
   8.8320598e-01
   8.8171523e-01
   8.8022449e-01
   8.7873374e-01
   8.7724299e-01
   8.7575225e-01
   8.7426150e-01
   8.7277076e-01
   8.7128001e-01
   8.6978926e-01
   8.6829852e-01
   8.6680777e-01
   8.6531703e-01
   8.6382628e-01
   8.6233553e-01
   8.6084479e-01
   8.5935404e-01
   8.5786330e-01
   8.5637255e-01
   8.5488180e-01
   8.5339106e-01
   8.5190031e-01
   8.5040957e-01
   8.4891882e-01
   8.4742808e-01
   8.4591106e-01
   8.4438812e-01
   8.4286518e-01
   8.4134224e-01
   8.3981930e-01
   8.3829635e-01
   8.3677341e-01
   8.3525047e-01
   8.3372753e-01
   8.3220459e-01
   8.3068165e-01
   8.2915871e-01
   8.2763577e-01
   8.2611283e-01
   8.2458989e-01
   8.2306695e-01
   8.2154401e-01
   8.2002106e-01
   8.1849812e-01
   8.1697518e-01
   8.1545224e-01
   8.1392930e-01
   8.1240636e-01
   8.1088342e-01
   8.0936048e-01
   8.0783754e-01
   8.0631460e-01
   8.0479166e-01
   8.0326872e-01
   8.0174577e-01
   8.0022283e-01
   7.9869989e-01
   7.9717695e-01
   7.9565401e-01
   7.9413107e-01
   7.9260813e-01
   7.9108519e-01
   7.8956225e-01
   7.8803931e-01
   7.8651637e-01
   7.8499343e-01
   7.8347048e-01
   7.8194754e-01
   7.8042460e-01
   7.7890166e-01
   7.7737872e-01
   7.7585578e-01
   7.7433284e-01
   7.7280990e-01
   7.7128696e-01
   7.6976402e-01
   7.6824108e-01
   7.6671814e-01
   7.6519519e-01
   7.6367225e-01
   7.6214931e-01
   7.6062637e-01
   7.5910343e-01
   7.5758049e-01
   7.5605755e-01
   7.5453461e-01
   7.5301167e-01
   7.5148873e-01
   7.4996579e-01
   7.4844285e-01
   7.4691990e-01
   7.4539696e-01
   7.4387402e-01
   7.4235108e-01
   7.4082814e-01
   7.3930520e-01
   7.3778226e-01
   7.3625932e-01
   7.3473638e-01
   7.3321344e-01
   7.3169050e-01
   7.3016756e-01
   7.2864462e-01
   7.2712167e-01
   7.2559873e-01
   7.2407579e-01
   7.2255285e-01
   7.2102991e-01
   7.1950697e-01
   7.1798403e-01
   7.1646109e-01
   7.1493815e-01
   7.1341521e-01
   7.1189227e-01
   7.1036933e-01
   7.0884638e-01
   7.0732344e-01
   7.0580050e-01
   7.0427756e-01
   7.0275462e-01
   7.0123168e-01
   6.9970874e-01
   6.9818580e-01
   6.9666286e-01
   6.9513992e-01
   6.9361698e-01
   6.9209404e-01
   6.9057109e-01
   6.8904815e-01
   6.8752521e-01
   6.8600227e-01
   6.8447933e-01
   6.8295639e-01
   6.8143345e-01
   6.7991051e-01
   6.7838757e-01
   6.7686463e-01
   6.7534169e-01
   6.7381875e-01
   6.7229580e-01
   6.7077286e-01
   6.6924992e-01
   6.6772698e-01
   6.6620404e-01
   6.6468110e-01
   6.6315816e-01
   6.6163522e-01
   6.6011228e-01
   6.5858934e-01
   6.5706640e-01
   6.5554346e-01
   6.5402051e-01
   6.5249757e-01
   6.5097463e-01
   6.4945169e-01
   6.4792875e-01
   6.4640581e-01
   6.4488287e-01
   6.4335993e-01
   6.4183699e-01
   6.4031405e-01
   6.3879111e-01
   6.3726817e-01
   6.3574522e-01
   6.3422228e-01
   6.3269934e-01
   6.3117640e-01
   6.2965346e-01
   6.2813052e-01
   6.2660758e-01
   6.2508464e-01
   6.2356170e-01
   6.2203876e-01
   6.2051582e-01
   6.1899288e-01
   6.1746993e-01
   6.1594699e-01
   6.1442405e-01
   6.1290111e-01
   6.1137817e-01
   6.0985523e-01
   6.0833229e-01
   6.0680935e-01
   6.0528641e-01
   6.0376347e-01
   6.0224053e-01
   6.0071759e-01
   5.9919464e-01
   5.9767170e-01
   5.9614876e-01
   5.9462582e-01
   5.9310288e-01
   5.9157994e-01
   5.9005700e-01
   5.8853406e-01
   5.8701112e-01
   5.8548818e-01
   5.8396524e-01
   5.8244230e-01
   5.8091935e-01
   5.7939641e-01
   5.7787347e-01
   5.7635053e-01
   5.7482759e-01
   5.7330465e-01
   5.7178171e-01
   5.7025877e-01
   5.6873583e-01
   5.6721289e-01
   5.6568995e-01
   5.6416701e-01
   5.6264406e-01
   5.6112112e-01
   5.5959818e-01
   5.5807524e-01
   5.5655230e-01
   5.5502936e-01
   5.5350642e-01
   5.5198348e-01
   5.5046054e-01
   5.4893760e-01
   5.4741466e-01
   5.4589172e-01
   5.4436877e-01
   5.4284583e-01
   5.4132289e-01
   5.3979995e-01
   5.3827701e-01
   5.3675407e-01
   5.3523113e-01
   5.3370819e-01
   5.3218525e-01
   5.3066231e-01
   5.2913937e-01
   5.2761643e-01
   5.2609349e-01
   5.2457054e-01
   5.2304760e-01
   5.2152466e-01
   5.2000172e-01
   5.1847878e-01
   5.1695584e-01
   5.1543290e-01
   5.1390996e-01
   5.1238702e-01
   5.1086408e-01
   5.0934114e-01
   5.0781820e-01
   5.0629525e-01
   5.0477231e-01
   5.0324937e-01
   5.0172643e-01
   5.0020349e-01
   4.9868055e-01
   4.9715761e-01
   4.9563467e-01
   4.9411173e-01
   4.9258879e-01
   4.9106585e-01
   4.9028625e-01
   4.8976249e-01
   4.8923872e-01
   4.8871496e-01
   4.8819120e-01
   4.8766743e-01
   4.8714367e-01
   4.8661991e-01
   4.8609615e-01
   4.8557238e-01
   4.8504862e-01
   4.8452486e-01
   4.8400110e-01
   4.8347733e-01
   4.8295357e-01
   4.8242981e-01
   4.8190604e-01
   4.8138228e-01
   4.8085852e-01
   4.8033476e-01
   4.7981099e-01
   4.7928723e-01
   4.7876347e-01
   4.7823970e-01
   4.7771594e-01
   4.7719218e-01
   4.7666842e-01
   4.7614465e-01
   4.7562089e-01
   4.7509713e-01
   4.7457337e-01
   4.7404960e-01
   4.7352584e-01
   4.7300208e-01
   4.7247831e-01
   4.7195455e-01
   4.7143079e-01
   4.7090703e-01
   4.7038326e-01
   4.6985950e-01
   4.6933574e-01
   4.6881197e-01
   4.6828821e-01
   4.6776445e-01
   4.6724069e-01
   4.6671692e-01
   4.6619316e-01
   4.6566940e-01
   4.6514564e-01
   4.6462187e-01
   4.6409811e-01
   4.6357435e-01
   4.6305058e-01
   4.6252682e-01
   4.6200306e-01
   4.6147930e-01
   4.6095553e-01
   4.6043177e-01
   4.5990801e-01
   4.5938424e-01
   4.5886048e-01
   4.5833672e-01
   4.5781296e-01
   4.5728919e-01
   4.5676543e-01
   4.5624167e-01
   4.5571791e-01
   4.5519414e-01
   4.5467038e-01
   4.5414662e-01
   4.5362285e-01
   4.5309909e-01
   4.5257533e-01
   4.5205157e-01
   4.5152780e-01
   4.5100404e-01
   4.5048028e-01
   4.4995652e-01
   4.4943275e-01
   4.4890899e-01
   4.4838523e-01
   4.4786146e-01
   4.4733770e-01
   4.4681394e-01
   4.4629018e-01
   4.4576641e-01
   4.4524265e-01
   4.4471889e-01
   4.4419512e-01
   4.4367136e-01
   4.4314760e-01
   4.4262384e-01
   4.4210007e-01
   4.4157631e-01
   4.4105255e-01
   4.4052879e-01
   4.4000502e-01
   4.3948126e-01
   4.3895750e-01
   4.3843373e-01
   4.3790997e-01
   4.3738621e-01
   4.3686245e-01
   4.3633868e-01
   4.3581492e-01
   4.3529116e-01
   4.3476739e-01
   4.3424363e-01
   4.3371987e-01
   4.3319611e-01
   4.3267234e-01
   4.3214858e-01
   4.3162482e-01
   4.3110106e-01
   4.3057729e-01
   4.3005353e-01
   4.2952977e-01
   4.2900600e-01
   4.2848224e-01
   4.2795848e-01
   4.2743472e-01
   4.2691095e-01
   4.2638719e-01
   4.2586343e-01
   4.2533966e-01
   4.2481590e-01
   4.2429214e-01
   4.2376838e-01
   4.2324461e-01
   4.2272085e-01
   4.2219709e-01
   4.2167333e-01
   4.2114956e-01
   4.2062580e-01
   4.2010204e-01
   4.1957827e-01
   4.1905451e-01
   4.1853075e-01
   4.1800699e-01
   4.1748322e-01
   4.1695946e-01
   4.1643570e-01
   4.1591193e-01
   4.1538817e-01
   4.1486441e-01
   4.1434065e-01
   4.1381688e-01
   4.1329312e-01
   4.1276936e-01
   4.1224560e-01
   4.1172183e-01
   4.1119807e-01
   4.1067431e-01
   4.1015054e-01
   4.0962678e-01
   4.0910302e-01
   4.0857926e-01
   4.0805549e-01
   4.0753173e-01
   4.0700797e-01
   4.0648420e-01
   4.0596044e-01
   4.0543668e-01
   4.0491292e-01
   4.0438915e-01
   4.0386539e-01
   4.0334163e-01
   4.0281787e-01
   4.0229410e-01
   4.0177034e-01
   4.0124658e-01
   4.0072281e-01
   4.0019905e-01
   3.9967529e-01
   3.9915153e-01
   3.9862776e-01
   3.9810400e-01
   3.9758024e-01
   3.9705647e-01
   3.9653271e-01
   3.9600895e-01
   3.9548519e-01
   3.9496142e-01
   3.9443766e-01
   3.9391390e-01
   3.9339014e-01
   3.9286637e-01
   3.9234261e-01
   3.9181885e-01
   3.9129508e-01
   3.9077132e-01
   3.9024756e-01
   3.8972380e-01
   3.8920003e-01
   3.8867627e-01
   3.8815251e-01
   3.8762875e-01
   3.8710498e-01
   3.8658122e-01
   3.8605746e-01
   3.8553369e-01
   3.8500993e-01
   3.8448617e-01
   3.8396241e-01
   3.8343864e-01
   3.8291488e-01
   3.8239112e-01
   3.8186735e-01
   3.8134359e-01
   3.8081983e-01
   3.8029607e-01
   3.7977230e-01
   3.7924854e-01
   3.7872478e-01
   3.7820102e-01
   3.7767725e-01
   3.7715349e-01
   3.7662973e-01
   3.7610596e-01
   3.7558220e-01
   3.7505844e-01
   3.7453468e-01
   3.7401091e-01
   3.7348715e-01
   3.7296339e-01
   3.7271497e-01
   3.7250010e-01
   3.7228524e-01
   3.7207037e-01
   3.7185550e-01
   3.7164063e-01
   3.7142576e-01
   3.7121089e-01
   3.7099603e-01
   3.7078116e-01
   3.7056629e-01
   3.7035142e-01
   3.7013655e-01
   3.6992169e-01
   3.6970682e-01
   3.6949195e-01
   3.6927708e-01
   3.6906221e-01
   3.6884735e-01
   3.6863248e-01
   3.6841761e-01
   3.6820274e-01
   3.6798787e-01
   3.6777301e-01
   3.6755814e-01
   3.6734327e-01
   3.6712840e-01
   3.6691353e-01
   3.6669867e-01
   3.6648380e-01
   3.6626893e-01
   3.6605406e-01
   3.6583919e-01
   3.6562433e-01
   3.6540946e-01
   3.6519459e-01
   3.6497972e-01
   3.6476485e-01
   3.6454999e-01
   3.6433512e-01
   3.6412025e-01
   3.6390538e-01
   3.6369051e-01
   3.6347564e-01
   3.6326078e-01
   3.6304591e-01
   3.6283104e-01
   3.6261617e-01
   3.6240130e-01
   3.6218644e-01
   3.6197157e-01
   3.6175670e-01
   3.6154183e-01
   3.6132696e-01
   3.6111210e-01
   3.6089723e-01
   3.6068236e-01
   3.6046749e-01
   3.6025262e-01
   3.6003776e-01
   3.5982289e-01
   3.5960802e-01
   3.5939315e-01
   3.5917828e-01
   3.5896342e-01
   3.5874855e-01
   3.5853368e-01
   3.5831881e-01
   3.5810394e-01
   3.5788908e-01
   3.5767421e-01
   3.5745934e-01
   3.5724447e-01
   3.5702960e-01
   3.5681473e-01
   3.5659987e-01
   3.5638500e-01
   3.5617013e-01
   3.5595526e-01
   3.5574039e-01
   3.5552553e-01
   3.5531066e-01
   3.5509579e-01
   3.5488092e-01
   3.5466605e-01
   3.5445119e-01
   3.5423632e-01
   3.5402145e-01
   3.5380658e-01
   3.5359171e-01
   3.5337685e-01
   3.5316198e-01
   3.5294711e-01
   3.5273224e-01
   3.5251737e-01
   3.5230251e-01
   3.5208764e-01
   3.5187277e-01
   3.5165790e-01
   3.5144303e-01
   3.5122817e-01
   3.5101330e-01
   3.5079843e-01
   3.5058356e-01
   3.5036869e-01
   3.5015382e-01
   3.4993896e-01
   3.4972409e-01
   3.4950922e-01
   3.4929435e-01
   3.4907948e-01
   3.4886462e-01
   3.4864975e-01
   3.4843488e-01
   3.4822001e-01
   3.4800514e-01
   3.4779028e-01
   3.4757541e-01
   3.4736054e-01
   3.4714567e-01
   3.4693080e-01
   3.4671594e-01
   3.4650107e-01
   3.4628620e-01
   3.4607133e-01
   3.4585646e-01
   3.4564160e-01
   3.4542673e-01
   3.4521186e-01
   3.4499699e-01
   3.4478212e-01
   3.4456726e-01
   3.4435239e-01
   3.4413752e-01
   3.4392265e-01
   3.4370778e-01
   3.4349292e-01
   3.4327805e-01
   3.4306318e-01
   3.4284831e-01
   3.4263344e-01
   3.4241857e-01
   3.4220371e-01
   3.4198884e-01
   3.4177397e-01
   3.4155910e-01
   3.4134423e-01
   3.4112937e-01
   3.4091450e-01
   3.4069963e-01
   3.4048476e-01
   3.4026989e-01
   3.4005503e-01
   3.3984016e-01
   3.3962529e-01
   3.3941042e-01
   3.3919555e-01
   3.3898069e-01
   3.3876582e-01
   3.3855095e-01
   3.3833608e-01
   3.3812121e-01
   3.3790635e-01
   3.3769148e-01
   3.3747661e-01
   3.3726174e-01
   3.3704687e-01
   3.3683201e-01
   3.3661714e-01
   3.3640227e-01
   3.3618740e-01
   3.3597253e-01
   3.3575766e-01
   3.3554280e-01
   3.3532793e-01
   3.3511306e-01
   3.3489819e-01
   3.3468332e-01
   3.3446846e-01
   3.3425359e-01
   3.3403872e-01
   3.3382385e-01
   3.3360898e-01
   3.3339412e-01
   3.3317925e-01
   3.3296438e-01
   3.3274951e-01
   3.3253464e-01
   3.3231978e-01
   3.3210491e-01
   3.3189004e-01
   3.3167517e-01
   3.3146030e-01
   3.3124544e-01
   3.3103057e-01
   3.3081570e-01
   3.3060083e-01
   3.3038596e-01
   3.3017110e-01
   3.2995623e-01
   3.2974136e-01
   3.2952649e-01
   3.2931162e-01
   3.2909676e-01
   3.2888189e-01
   3.2866702e-01
   3.2845215e-01
   3.2823728e-01
   3.2802241e-01
   3.2780755e-01
   3.2759268e-01
   3.2737781e-01
   3.2716294e-01
   3.2694807e-01
   3.2673321e-01
   3.2651834e-01
   3.2630347e-01
   3.2608860e-01
   3.2587373e-01
   3.2565887e-01
   3.2544400e-01
   3.2522913e-01
   3.2501426e-01
   3.2479939e-01
   3.2458453e-01
   3.2436966e-01
   3.2415479e-01
   3.2393992e-01
   3.2372505e-01
   3.2351019e-01
   3.2329532e-01
   3.2308045e-01
   3.2286558e-01
   3.2265071e-01
   3.2243585e-01
   3.2222098e-01
   3.2200611e-01
   3.2179124e-01
   3.2157637e-01
   3.2136150e-01
   3.2114664e-01
   3.2093177e-01
   3.2071690e-01
   3.2050203e-01
   3.2028716e-01
   3.2007230e-01
   3.1985743e-01
   3.1964256e-01
   3.1942769e-01
   3.1921282e-01
   3.1899796e-01
   3.1878309e-01
   3.1856822e-01
   3.1835335e-01
   3.1813848e-01
   3.1792362e-01
   3.1770875e-01
   3.1749388e-01
   3.1727901e-01
   3.1706414e-01
   3.1684928e-01
   3.1663441e-01
   3.1641954e-01
   3.1620467e-01
   3.1598980e-01
   3.1577494e-01
   3.1556007e-01
   3.1534520e-01
   3.1513033e-01
   3.1491546e-01
   3.1470059e-01
   3.1448573e-01
   3.1427086e-01
   3.1405599e-01
   3.1384112e-01
   3.1362625e-01
   3.1341139e-01
   3.1319652e-01
   3.1298165e-01
   3.1276678e-01
   3.1255191e-01
   3.1233705e-01
   3.1212218e-01
   3.1190731e-01
   3.1169244e-01
   3.1147757e-01
   3.1126271e-01
   3.1104784e-01
   3.1083297e-01
   3.1061810e-01
   3.1040323e-01
   3.1018837e-01
   3.0997350e-01
   3.0975863e-01
   3.0954376e-01
   3.0932889e-01
   3.0913712e-01
   3.0899185e-01
   3.0884658e-01
   3.0870131e-01
   3.0855604e-01
   3.0841077e-01
   3.0826550e-01
   3.0812023e-01
   3.0797496e-01
   3.0782969e-01
   3.0768442e-01
   3.0753915e-01
   3.0739388e-01
   3.0724861e-01
   3.0710334e-01
   3.0695807e-01
   3.0681279e-01
   3.0666752e-01
   3.0652225e-01
   3.0637698e-01
   3.0623171e-01
   3.0608644e-01
   3.0594117e-01
   3.0579590e-01
   3.0565063e-01
   3.0550536e-01
   3.0536009e-01
   3.0521482e-01
   3.0506955e-01
   3.0492428e-01
   3.0477901e-01
   3.0463374e-01
   3.0448847e-01
   3.0434320e-01
   3.0419793e-01
   3.0405266e-01
   3.0390739e-01
   3.0376212e-01
   3.0361684e-01
   3.0347157e-01
   3.0332630e-01
   3.0318103e-01
   3.0303576e-01
   3.0289049e-01
   3.0274522e-01
   3.0259995e-01
   3.0245468e-01
   3.0230941e-01
   3.0216414e-01
   3.0201887e-01
   3.0187360e-01
   3.0172833e-01
   3.0158306e-01
   3.0143779e-01
   3.0129252e-01
   3.0114725e-01
   3.0100198e-01
   3.0085671e-01
   3.0071144e-01
   3.0056616e-01
   3.0042089e-01
   3.0027562e-01
   3.0013035e-01
   2.9998508e-01
   2.9983981e-01
   2.9969454e-01
   2.9954927e-01
   2.9940400e-01
   2.9925873e-01
   2.9911346e-01
   2.9896819e-01
   2.9882292e-01
   2.9867765e-01
   2.9853238e-01
   2.9838711e-01
   2.9824184e-01
   2.9809657e-01
   2.9795130e-01
   2.9780603e-01
   2.9766076e-01
   2.9751549e-01
   2.9737021e-01
   2.9722494e-01
   2.9707967e-01
   2.9693440e-01
   2.9678913e-01
   2.9664386e-01
   2.9649859e-01
   2.9635332e-01
   2.9620805e-01
   2.9606278e-01
   2.9591751e-01
   2.9577224e-01
   2.9562697e-01
   2.9548170e-01
   2.9533643e-01
   2.9519116e-01
   2.9504589e-01
   2.9490062e-01
   2.9475535e-01
   2.9461008e-01
   2.9446481e-01
   2.9431954e-01
   2.9417426e-01
   2.9402899e-01
   2.9388372e-01
   2.9373845e-01
   2.9359318e-01
   2.9344791e-01
   2.9330264e-01
   2.9315737e-01
   2.9301210e-01
   2.9286683e-01
   2.9272156e-01
   2.9257629e-01
   2.9243102e-01
   2.9228575e-01
   2.9214048e-01
   2.9199521e-01
   2.9184994e-01
   2.9170467e-01
   2.9155940e-01
   2.9141413e-01
   2.9126886e-01
   2.9112358e-01
   2.9097831e-01
   2.9083304e-01
   2.9068777e-01
   2.9054250e-01
   2.9039723e-01
   2.9025196e-01
   2.9010669e-01
   2.8996142e-01
   2.8981615e-01
   2.8967088e-01
   2.8952561e-01
   2.8938034e-01
   2.8923507e-01
   2.8908980e-01
   2.8894453e-01
   2.8879926e-01
   2.8865399e-01
   2.8850872e-01
   2.8836345e-01
   2.8821818e-01
   2.8807291e-01
   2.8792763e-01
   2.8778236e-01
   2.8763709e-01
   2.8749182e-01
   2.8734655e-01
   2.8720128e-01
   2.8705601e-01
   2.8691074e-01
   2.8676547e-01
   2.8662020e-01
   2.8647493e-01
   2.8632966e-01
   2.8618439e-01
   2.8603912e-01
   2.8589385e-01
   2.8574858e-01
   2.8560331e-01
   2.8545804e-01
   2.8531277e-01
   2.8516750e-01
   2.8502223e-01
   2.8487695e-01
   2.8473168e-01
   2.8458641e-01
   2.8444114e-01
   2.8429587e-01
   2.8415060e-01
   2.8400533e-01
   2.8386006e-01
   2.8371479e-01
   2.8356952e-01
   2.8342425e-01
   2.8327898e-01
   2.8313371e-01
   2.8298844e-01
   2.8284317e-01
   2.8269790e-01
   2.8255263e-01
   2.8240736e-01
   2.8226209e-01
   2.8211682e-01
   2.8197155e-01
   2.8182628e-01
   2.8168100e-01
   2.8153573e-01
   2.8139046e-01
   2.8124519e-01
   2.8109992e-01
   2.8095465e-01
   2.8080938e-01
   2.8066411e-01
   2.8051884e-01
   2.8037357e-01
   2.8022830e-01
   2.8008303e-01
   2.7993776e-01
   2.7979249e-01
   2.7964722e-01
   2.7950195e-01
   2.7935668e-01
   2.7921141e-01
   2.7906614e-01
   2.7892087e-01
   2.7877560e-01
   2.7863032e-01
   2.7848505e-01
   2.7833978e-01
   2.7819451e-01
   2.7804924e-01
   2.7790397e-01
   2.7775870e-01
   2.7761343e-01
   2.7746816e-01
   2.7732289e-01
   2.7717762e-01
   2.7703235e-01
   2.7688708e-01
   2.7674181e-01
   2.7659654e-01
   2.7645127e-01
   2.7630600e-01
   2.7616073e-01
   2.7601546e-01
   2.7587019e-01
   2.7572492e-01
   2.7557965e-01
   2.7543437e-01
   2.7528910e-01
   2.7514383e-01
   2.7499856e-01
   2.7485329e-01
   2.7470802e-01
   2.7456275e-01
   2.7441748e-01
   2.7427221e-01
   2.7412694e-01
   2.7398167e-01
   2.7383640e-01
   2.7369113e-01
   2.7354586e-01
   2.7340059e-01
   2.7325532e-01
   2.7311005e-01
   2.7296478e-01
   2.7281951e-01
   2.7267424e-01
   2.7252897e-01
   2.7238370e-01
   2.7223842e-01
   2.7209315e-01
   2.7194788e-01
   2.7180261e-01
   2.7165734e-01
   2.7151207e-01
   2.7136680e-01
   2.7122153e-01
   2.7107626e-01
   2.7093099e-01
   2.7078572e-01
   2.7064045e-01
   2.7049518e-01
   2.7034991e-01
   2.7020464e-01
   2.7005937e-01
   2.6991410e-01
   2.6976883e-01
   2.6962356e-01
   2.6947829e-01
   2.6933302e-01
   2.6918774e-01
   2.6904247e-01
   2.6889720e-01
   2.6875193e-01
   2.6860666e-01
   2.6846139e-01
   2.6831612e-01
   2.6817085e-01
   2.6802558e-01
   2.6788031e-01
   2.6773504e-01
   2.6758977e-01
   2.6744450e-01
   2.6729923e-01
   2.6715396e-01
   2.6700869e-01
   2.6686342e-01
   2.6671815e-01
   2.6657288e-01
   2.6642761e-01
   2.6628234e-01
   2.6613707e-01
   2.6599179e-01
   2.6584652e-01
   2.6570125e-01
   2.6555598e-01
   2.6541071e-01
   2.6526544e-01
   2.6512017e-01
   2.6497490e-01
   2.6482963e-01
   2.6468436e-01
   2.6453909e-01
   2.6439382e-01
   2.6424855e-01
   2.6410328e-01
   2.6395801e-01
   2.6381274e-01
   2.6366747e-01
   2.6352220e-01
   2.6337693e-01
   2.6323166e-01
   2.6308639e-01
   2.6294111e-01
   2.6279584e-01
   2.6265057e-01
   2.6250530e-01
   2.6236003e-01
   2.6221476e-01
   2.6206949e-01
   2.6192422e-01
   2.6177895e-01
   2.6163368e-01
   2.6148841e-01
   2.6134314e-01
   2.6119787e-01
   2.6105260e-01
   2.6090733e-01
   2.6076206e-01
   2.6061679e-01
   2.6047152e-01
   2.6032625e-01
   2.6016108e-01
   2.5999158e-01
   2.5982208e-01
   2.5965258e-01
   2.5948308e-01
   2.5931358e-01
   2.5914408e-01
   2.5897458e-01
   2.5880508e-01
   2.5863558e-01
   2.5846608e-01
   2.5829658e-01
   2.5812708e-01
   2.5795758e-01
   2.5778808e-01
   2.5761858e-01
   2.5744908e-01
   2.5727958e-01
   2.5711008e-01
   2.5694058e-01
   2.5677108e-01
   2.5660158e-01
   2.5643208e-01
   2.5626257e-01
   2.5609307e-01
   2.5592357e-01
   2.5575407e-01
   2.5558457e-01
   2.5541507e-01
   2.5524557e-01
   2.5507607e-01
   2.5490657e-01
   2.5473707e-01
   2.5456757e-01
   2.5439807e-01
   2.5422857e-01
   2.5405907e-01
   2.5388957e-01
   2.5372007e-01
   2.5355057e-01
   2.5338107e-01
   2.5321157e-01
   2.5304207e-01
   2.5287257e-01
   2.5270307e-01
   2.5253357e-01
   2.5236407e-01
   2.5219457e-01
   2.5202507e-01
   2.5185557e-01
   2.5168607e-01
   2.5151657e-01
   2.5134707e-01
   2.5117757e-01
   2.5100807e-01
   2.5083857e-01
   2.5066907e-01
   2.5049957e-01
   2.5033007e-01
   2.5016057e-01
   2.4999107e-01
   2.4982157e-01
   2.4965207e-01
   2.4948257e-01
   2.4931307e-01
   2.4914357e-01
   2.4897407e-01
   2.4880457e-01
   2.4863507e-01
   2.4846557e-01
   2.4829607e-01
   2.4812657e-01
   2.4795707e-01
   2.4778757e-01
   2.4761807e-01
   2.4744857e-01
   2.4727907e-01
   2.4710957e-01
   2.4694007e-01
   2.4677057e-01
   2.4660107e-01
   2.4643157e-01
   2.4626207e-01
   2.4609257e-01
   2.4592307e-01
   2.4575357e-01
   2.4558407e-01
   2.4541457e-01
   2.4524507e-01
   2.4507557e-01
   2.4490607e-01
   2.4473657e-01
   2.4456707e-01
   2.4439757e-01
   2.4422807e-01
   2.4405857e-01
   2.4388907e-01
   2.4371957e-01
   2.4355007e-01
   2.4338057e-01
   2.4321107e-01
   2.4304157e-01
   2.4287207e-01
   2.4270257e-01
   2.4253307e-01
   2.4236357e-01
   2.4219407e-01
   2.4202457e-01
   2.4185507e-01
   2.4168557e-01
   2.4151607e-01
   2.4134657e-01
   2.4117707e-01
   2.4100757e-01
   2.4083807e-01
   2.4066857e-01
   2.4049907e-01
   2.4032957e-01
   2.4016007e-01
   2.3999057e-01
   2.3982107e-01
   2.3965157e-01
   2.3948207e-01
   2.3931257e-01
   2.3914307e-01
   2.3897357e-01
   2.3880407e-01
   2.3863457e-01
   2.3846507e-01
   2.3829557e-01
   2.3812607e-01
   2.3795657e-01
   2.3778707e-01
   2.3761757e-01
   2.3744807e-01
   2.3727857e-01
   2.3710907e-01
   2.3693957e-01
   2.3677007e-01
   2.3660057e-01
   2.3643107e-01
   2.3626157e-01
   2.3609207e-01
   2.3592257e-01
   2.3575307e-01
   2.3558357e-01
   2.3541407e-01
   2.3524457e-01
   2.3507507e-01
   2.3490557e-01
   2.3473607e-01
   2.3456657e-01
   2.3439707e-01
   2.3422757e-01
   2.3405807e-01
   2.3388857e-01
   2.3371907e-01
   2.3354957e-01
   2.3338007e-01
   2.3321057e-01
   2.3304107e-01
   2.3287157e-01
   2.3270207e-01
   2.3253257e-01
   2.3236307e-01
   2.3219357e-01
   2.3202407e-01
   2.3185457e-01
   2.3168507e-01
   2.3151557e-01
   2.3134607e-01
   2.3117657e-01
   2.3100707e-01
   2.3083757e-01
   2.3066807e-01
   2.3049857e-01
   2.3032907e-01
   2.3015957e-01
   2.2999007e-01
   2.2982057e-01
   2.2965107e-01
   2.2948157e-01
   2.2931207e-01
   2.2914257e-01
   2.2897307e-01
   2.2880357e-01
   2.2863407e-01
   2.2846457e-01
   2.2829507e-01
   2.2812557e-01
   2.2795607e-01
   2.2778657e-01
   2.2761707e-01
   2.2744757e-01
   2.2727807e-01
   2.2710857e-01
   2.2693907e-01
   2.2676957e-01
   2.2660007e-01
   2.2643057e-01
   2.2626107e-01
   2.2609157e-01
   2.2592207e-01
   2.2575257e-01
   2.2558307e-01
   2.2541357e-01
   2.2524407e-01
   2.2507457e-01
   2.2490507e-01
   2.2473557e-01
   2.2456607e-01
   2.2439657e-01
   2.2422707e-01
   2.2405757e-01
   2.2388807e-01
   2.2371857e-01
   2.2354907e-01
   2.2337957e-01
   2.2321007e-01
   2.2304057e-01
   2.2287107e-01
   2.2270157e-01
   2.2253207e-01
   2.2236257e-01
   2.2219307e-01
   2.2202357e-01
   2.2185407e-01
   2.2168457e-01
   2.2151507e-01
   2.2134557e-01
   2.2117606e-01
   2.2100656e-01
   2.2083706e-01
   2.2066756e-01
   2.2049806e-01
   2.2032856e-01
   2.2015906e-01
   2.1998956e-01
   2.1982006e-01
   2.1965056e-01
   2.1948106e-01
   2.1931156e-01
   2.1914206e-01
   2.1897256e-01
   2.1880306e-01
   2.1863356e-01
   2.1846406e-01
   2.1829456e-01
   2.1812506e-01
   2.1795556e-01
   2.1778606e-01
   2.1761656e-01
   2.1744706e-01
   2.1727756e-01
   2.1710806e-01
   2.1693856e-01
   2.1676906e-01
   2.1659956e-01
   2.1643006e-01
   2.1626056e-01
   2.1609106e-01
   2.1592156e-01
   2.1575206e-01
   2.1558256e-01
   2.1541306e-01
   2.1524356e-01
   2.1507406e-01
   2.1490456e-01
   2.1473506e-01
   2.1456556e-01
   2.1439606e-01
   2.1422656e-01
   2.1405706e-01
   2.1388756e-01
   2.1371806e-01
   2.1354856e-01
   2.1337906e-01
   2.1320956e-01
   2.1304006e-01
   2.1287056e-01
   2.1270106e-01
   2.1253156e-01
   2.1236206e-01
   2.1219256e-01
   2.1202306e-01
   2.1185356e-01
   2.1168406e-01
   2.1151456e-01
   2.1134506e-01
   2.1117556e-01
   2.1100606e-01
   2.1083656e-01
   2.1066706e-01
   2.1049756e-01
   2.1032806e-01
   2.1015856e-01
   2.0998906e-01
   2.0981956e-01
   2.0965006e-01
   2.0948056e-01
   2.0931106e-01
   2.0914156e-01
   2.0897206e-01
   2.0880256e-01
   2.0863306e-01
   2.0846356e-01
   2.0829406e-01
   2.0812456e-01
   2.0795506e-01
   2.0778556e-01
   2.0761606e-01
   2.0744656e-01
   2.0727706e-01
   2.0710756e-01
   2.0693806e-01
   2.0676856e-01
   2.0659906e-01
   2.0642956e-01
   2.0626006e-01
   2.0609056e-01
   2.0592106e-01
   2.0575156e-01
   2.0558206e-01
   2.0541256e-01
   2.0524306e-01
   2.0507356e-01
   2.0490406e-01
   2.0473456e-01
   2.0456506e-01
   2.0439556e-01
   2.0422606e-01
   2.0405656e-01
   2.0388706e-01
   2.0371756e-01
   2.0354806e-01
   2.0337856e-01
   2.0320906e-01
   2.0303956e-01
   2.0287006e-01
   2.0270056e-01
   2.0253106e-01
   2.0236156e-01
   2.0219206e-01
   2.0202256e-01
   2.0185306e-01
   2.0168356e-01
   2.0151406e-01
   2.0134456e-01
   2.0117506e-01
   2.0100556e-01
   2.0083606e-01
   2.0066656e-01
   2.0049706e-01
   2.0032756e-01
   2.0015806e-01
   1.9998856e-01
   1.9981906e-01
   1.9964956e-01
   1.9948006e-01
   1.9931056e-01
   1.9914106e-01
   1.9897156e-01
   1.9880206e-01
   1.9863256e-01
   1.9846306e-01
   1.9829356e-01
   1.9812406e-01
   1.9795456e-01
   1.9778506e-01
   1.9761556e-01
   1.9744606e-01
   1.9727656e-01
   1.9710706e-01
   1.9693756e-01
   1.9676806e-01
   1.9659856e-01
   1.9642906e-01
   1.9625956e-01
   1.9609006e-01
   1.9592056e-01
   1.9575106e-01
   1.9558156e-01
   1.9541206e-01
   1.9524256e-01
   1.9507306e-01
   1.9490356e-01
   1.9473406e-01
   1.9456456e-01
   1.9439506e-01
   1.9422556e-01
   1.9405606e-01
   1.9388656e-01
   1.9371706e-01
   1.9354756e-01
   1.9337806e-01
   1.9322087e-01
   1.9306475e-01
   1.9290863e-01
   1.9275251e-01
   1.9259638e-01
   1.9244026e-01
   1.9228414e-01
   1.9212802e-01
   1.9197189e-01
   1.9181577e-01
   1.9165965e-01
   1.9150353e-01
   1.9134740e-01
   1.9119128e-01
   1.9103516e-01
   1.9087904e-01
   1.9072291e-01
   1.9056679e-01
   1.9041067e-01
   1.9025455e-01
   1.9009842e-01
   1.8994230e-01
   1.8978618e-01
   1.8963006e-01
   1.8947393e-01
   1.8931781e-01
   1.8916169e-01
   1.8900557e-01
   1.8884944e-01
   1.8869332e-01
   1.8853720e-01
   1.8838108e-01
   1.8822495e-01
   1.8806883e-01
   1.8791271e-01
   1.8775658e-01
   1.8760046e-01
   1.8744434e-01
   1.8728822e-01
   1.8713209e-01
   1.8697597e-01
   1.8681985e-01
   1.8666373e-01
   1.8650760e-01
   1.8635148e-01
   1.8619536e-01
   1.8603924e-01
   1.8588311e-01
   1.8572699e-01
   1.8557087e-01
   1.8541475e-01
   1.8525862e-01
   1.8510250e-01
   1.8494638e-01
   1.8479026e-01
   1.8463413e-01
   1.8447801e-01
   1.8432189e-01
   1.8416577e-01
   1.8400964e-01
   1.8385352e-01
   1.8369740e-01
   1.8354128e-01
   1.8338515e-01
   1.8322903e-01
   1.8307291e-01
   1.8291678e-01
   1.8276066e-01
   1.8260454e-01
   1.8244842e-01
   1.8229229e-01
   1.8213617e-01
   1.8198005e-01
   1.8182393e-01
   1.8166780e-01
   1.8151168e-01
   1.8135556e-01
   1.8119944e-01
   1.8104331e-01
   1.8088719e-01
   1.8073107e-01
   1.8057495e-01
   1.8041882e-01
   1.8026270e-01
   1.8010658e-01
   1.7995046e-01
   1.7979433e-01
   1.7963821e-01
   1.7948209e-01
   1.7932597e-01
   1.7916984e-01
   1.7901372e-01
   1.7885760e-01
   1.7870148e-01
   1.7854535e-01
   1.7838923e-01
   1.7823311e-01
   1.7807698e-01
   1.7792086e-01
   1.7776474e-01
   1.7760862e-01
   1.7745249e-01
   1.7729637e-01
   1.7714025e-01
   1.7698413e-01
   1.7682800e-01
   1.7667188e-01
   1.7651576e-01
   1.7635964e-01
   1.7620351e-01
   1.7604739e-01
   1.7589127e-01
   1.7573515e-01
   1.7557902e-01
   1.7542290e-01
   1.7526678e-01
   1.7511066e-01
   1.7495453e-01
   1.7479841e-01
   1.7464229e-01
   1.7448617e-01
   1.7433004e-01
   1.7417392e-01
   1.7401780e-01
   1.7386168e-01
   1.7370555e-01
   1.7354943e-01
   1.7339331e-01
   1.7323719e-01
   1.7308106e-01
   1.7292494e-01
   1.7276882e-01
   1.7261269e-01
   1.7245657e-01
   1.7230045e-01
   1.7214433e-01
   1.7198820e-01
   1.7183208e-01
   1.7167596e-01
   1.7151984e-01
   1.7136371e-01
   1.7120759e-01
   1.7105147e-01
   1.7089535e-01
   1.7073922e-01
   1.7058310e-01
   1.7042698e-01
   1.7027086e-01
   1.7011473e-01
   1.6995861e-01
   1.6980249e-01
   1.6964637e-01
   1.6949024e-01
   1.6933412e-01
   1.6917800e-01
   1.6902188e-01
   1.6886575e-01
   1.6870963e-01
   1.6855351e-01
   1.6839739e-01
   1.6824126e-01
   1.6808514e-01
   1.6792902e-01
   1.6777289e-01
   1.6761677e-01
   1.6746065e-01
   1.6730453e-01
   1.6714840e-01
   1.6699228e-01
   1.6683616e-01
   1.6668004e-01
   1.6652391e-01
   1.6636779e-01
   1.6621167e-01
   1.6605555e-01
   1.6589942e-01
   1.6574330e-01
   1.6558718e-01
   1.6543106e-01
   1.6527493e-01
   1.6511881e-01
   1.6496269e-01
   1.6480657e-01
   1.6465044e-01
   1.6449432e-01
   1.6433820e-01
   1.6418208e-01
   1.6402595e-01
   1.6386983e-01
   1.6371371e-01
   1.6355759e-01
   1.6340146e-01
   1.6324534e-01
   1.6308922e-01
   1.6293309e-01
   1.6277697e-01
   1.6262085e-01
   1.6246473e-01
   1.6230860e-01
   1.6215248e-01
   1.6199636e-01
   1.6184024e-01
   1.6168411e-01
   1.6152799e-01
   1.6137187e-01
   1.6121575e-01
   1.6105962e-01
   1.6090350e-01
   1.6074738e-01
   1.6059126e-01
   1.6043513e-01
   1.6027901e-01
   1.6012289e-01
   1.5996677e-01
   1.5981064e-01
   1.5965452e-01
   1.5949840e-01
   1.5934228e-01
   1.5918615e-01
   1.5903003e-01
   1.5887391e-01
   1.5871779e-01
   1.5856166e-01
   1.5840554e-01
   1.5824942e-01
   1.5809330e-01
   1.5793717e-01
   1.5778105e-01
   1.5762493e-01
   1.5746880e-01
   1.5731268e-01
   1.5715656e-01
   1.5700044e-01
   1.5684431e-01
   1.5668819e-01
   1.5653207e-01
   1.5637595e-01
   1.5621982e-01
   1.5606370e-01
   1.5590758e-01
   1.5575146e-01
   1.5559533e-01
   1.5543921e-01
   1.5528309e-01
   1.5512697e-01
   1.5497084e-01
   1.5481472e-01
   1.5465860e-01
   1.5450248e-01
   1.5434635e-01
   1.5419023e-01
   1.5403411e-01
   1.5387799e-01
   1.5372186e-01
   1.5356574e-01
   1.5340962e-01
   1.5325350e-01
   1.5309737e-01
   1.5294125e-01
   1.5278513e-01
   1.5262900e-01
   1.5247288e-01
   1.5231676e-01
   1.5216064e-01
   1.5200451e-01
   1.5184839e-01
   1.5169227e-01
   1.5153615e-01
   1.5138002e-01
   1.5122390e-01
   1.5106778e-01
   1.5091166e-01
   1.5075553e-01
   1.5059941e-01
   1.5044329e-01
   1.5028717e-01
   1.5013104e-01
   1.4997492e-01
   1.4981880e-01
   1.4966268e-01
   1.4950655e-01
   1.4935043e-01
   1.4919431e-01
   1.4903819e-01
   1.4888206e-01
   1.4872594e-01
   1.4856982e-01
   1.4841370e-01
   1.4825757e-01
   1.4810145e-01
   1.4794533e-01
   1.4778920e-01
   1.4763308e-01
   1.4747696e-01
   1.4732084e-01
   1.4716471e-01
   1.4700859e-01
   1.4685247e-01
   1.4669635e-01
   1.4654022e-01
   1.4638410e-01
   1.4622798e-01
   1.4607186e-01
   1.4591573e-01
   1.4576140e-01
   1.4561603e-01
   1.4547066e-01
   1.4532529e-01
   1.4517992e-01
   1.4503455e-01
   1.4488919e-01
   1.4474382e-01
   1.4459845e-01
   1.4445308e-01
   1.4430771e-01
   1.4416234e-01
   1.4401697e-01
   1.4387160e-01
   1.4372623e-01
   1.4358087e-01
   1.4343550e-01
   1.4329013e-01
   1.4314476e-01
   1.4299939e-01
   1.4285402e-01
   1.4270865e-01
   1.4256328e-01
   1.4241792e-01
   1.4227255e-01
   1.4212718e-01
   1.4198181e-01
   1.4183644e-01
   1.4169107e-01
   1.4154570e-01
   1.4140033e-01
   1.4125496e-01
   1.4110960e-01
   1.4096423e-01
   1.4081886e-01
   1.4067349e-01
   1.4052812e-01
   1.4038275e-01
   1.4023738e-01
   1.4009201e-01
   1.3994665e-01
   1.3980128e-01
   1.3965591e-01
   1.3951054e-01
   1.3936517e-01
   1.3921980e-01
   1.3907443e-01
   1.3892906e-01
   1.3878369e-01
   1.3863833e-01
   1.3849296e-01
   1.3834759e-01
   1.3820222e-01
   1.3805685e-01
   1.3791148e-01
   1.3776611e-01
   1.3762074e-01
   1.3747538e-01
   1.3733001e-01
   1.3718464e-01
   1.3703927e-01
   1.3689390e-01
   1.3674853e-01
   1.3660316e-01
   1.3645779e-01
   1.3631242e-01
   1.3616706e-01
   1.3602169e-01
   1.3587632e-01
   1.3573095e-01
   1.3558558e-01
   1.3544021e-01
   1.3529484e-01
   1.3514947e-01
   1.3500411e-01
   1.3485874e-01
   1.3471337e-01
   1.3456800e-01
   1.3442263e-01
   1.3427726e-01
   1.3413189e-01
   1.3398652e-01
   1.3384115e-01
   1.3369579e-01
   1.3355042e-01
   1.3340505e-01
   1.3325968e-01
   1.3311431e-01
   1.3296894e-01
   1.3282357e-01
   1.3267820e-01
   1.3253284e-01
   1.3238747e-01
   1.3224210e-01
   1.3209673e-01
   1.3195136e-01
   1.3180599e-01
   1.3166062e-01
   1.3151525e-01
   1.3136988e-01
   1.3122452e-01
   1.3107915e-01
   1.3093378e-01
   1.3078841e-01
   1.3064304e-01
   1.3049767e-01
   1.3035230e-01
   1.3020693e-01
   1.3006157e-01
   1.2991620e-01
   1.2977083e-01
   1.2962546e-01
   1.2948009e-01
   1.2933472e-01
   1.2918935e-01
   1.2904398e-01
   1.2889861e-01
   1.2875325e-01
   1.2860788e-01
   1.2846251e-01
   1.2831714e-01
   1.2817177e-01
   1.2802640e-01
   1.2788103e-01
   1.2773566e-01
   1.2759030e-01
   1.2744493e-01
   1.2729956e-01
   1.2715419e-01
   1.2700882e-01
   1.2686345e-01
   1.2671808e-01
   1.2657271e-01
   1.2642734e-01
   1.2628198e-01
   1.2613661e-01
   1.2599124e-01
   1.2584587e-01
   1.2570050e-01
   1.2555513e-01
   1.2540976e-01
   1.2526439e-01
   1.2511903e-01
   1.2497366e-01
   1.2482829e-01
   1.2468292e-01
   1.2453755e-01
   1.2439218e-01
   1.2424681e-01
   1.2410144e-01
   1.2395607e-01
   1.2381071e-01
   1.2366534e-01
   1.2351997e-01
   1.2337460e-01
   1.2322923e-01
   1.2308386e-01
   1.2293849e-01
   1.2279312e-01
   1.2264776e-01
   1.2250239e-01
   1.2235702e-01
   1.2221165e-01
   1.2206628e-01
   1.2192091e-01
   1.2177554e-01
   1.2163017e-01
   1.2148480e-01
   1.2133944e-01
   1.2119407e-01
   1.2104870e-01
   1.2090333e-01
   1.2075796e-01
   1.2061259e-01
   1.2046722e-01
   1.2032185e-01
   1.2017649e-01
   1.2003112e-01
   1.1988575e-01
   1.1974038e-01
   1.1959501e-01
   1.1944964e-01
   1.1930427e-01
   1.1915890e-01
   1.1901353e-01
   1.1886817e-01
   1.1872280e-01
   1.1857743e-01
   1.1843206e-01
   1.1828669e-01
   1.1814132e-01
   1.1799595e-01
   1.1785058e-01
   1.1770522e-01
   1.1755985e-01
   1.1741448e-01
   1.1726911e-01
   1.1712374e-01
   1.1697837e-01
   1.1683300e-01
   1.1668763e-01
   1.1654226e-01
   1.1639690e-01
   1.1625153e-01
   1.1610616e-01
   1.1596079e-01
   1.1581542e-01
   1.1567005e-01
   1.1552468e-01
   1.1537931e-01
   1.1523395e-01
   1.1508858e-01
   1.1494321e-01
   1.1479784e-01
   1.1465247e-01
   1.1450710e-01
   1.1436173e-01
   1.1421636e-01
   1.1407099e-01
   1.1392563e-01
   1.1378026e-01
   1.1363489e-01
   1.1348952e-01
   1.1334415e-01
   1.1319878e-01
   1.1305341e-01
   1.1290804e-01
   1.1276268e-01
   1.1261731e-01
   1.1247194e-01
   1.1232657e-01
   1.1218120e-01
   1.1203583e-01
   1.1189046e-01
   1.1174509e-01
   1.1159972e-01
   1.1145436e-01
   1.1130899e-01
   1.1116362e-01
   1.1101825e-01
   1.1087288e-01
   1.1072751e-01
   1.1058214e-01
   1.1043677e-01
   1.1029141e-01
   1.1014604e-01
   1.1000067e-01
   1.0985530e-01
   1.0970993e-01
   1.0956456e-01
   1.0941919e-01
   1.0927382e-01
   1.0912845e-01
   1.0898309e-01
   1.0883772e-01
   1.0869235e-01
   1.0854698e-01
   1.0840161e-01
   1.0825624e-01
   1.0811087e-01
   1.0796550e-01
   1.0782014e-01
   1.0767477e-01
   1.0752940e-01
   1.0738403e-01
   1.0723866e-01
   1.0709329e-01
   1.0694792e-01
   1.0680255e-01
   1.0665718e-01
   1.0651182e-01
   1.0636645e-01
   1.0622108e-01
   1.0607571e-01
   1.0593879e-01
   1.0585249e-01
   1.0576618e-01
   1.0567987e-01
   1.0559357e-01
   1.0550726e-01
   1.0542095e-01
   1.0533465e-01
   1.0524834e-01
   1.0516203e-01
   1.0507573e-01
   1.0498942e-01
   1.0490311e-01
   1.0481681e-01
   1.0473050e-01
   1.0464419e-01
   1.0455789e-01
   1.0447158e-01
   1.0438527e-01
   1.0429897e-01
   1.0421266e-01
   1.0412635e-01
   1.0404005e-01
   1.0395374e-01
   1.0386743e-01
   1.0378113e-01
   1.0369482e-01
   1.0360851e-01
   1.0352221e-01
   1.0343590e-01
   1.0334959e-01
   1.0326329e-01
   1.0317698e-01
   1.0309067e-01
   1.0300437e-01
   1.0291806e-01
   1.0283175e-01
   1.0274545e-01
   1.0265914e-01
   1.0257283e-01
   1.0248653e-01
   1.0240022e-01
   1.0231391e-01
   1.0222761e-01
   1.0214130e-01
   1.0205499e-01
   1.0196869e-01
   1.0188238e-01
   1.0179607e-01
   1.0170977e-01
   1.0162346e-01
   1.0153715e-01
   1.0145085e-01
   1.0136454e-01
   1.0127823e-01
   1.0119193e-01
   1.0110562e-01
   1.0101931e-01
   1.0093301e-01
   1.0084670e-01
   1.0076039e-01
   1.0067409e-01
   1.0058778e-01
   1.0050147e-01
   1.0041517e-01
   1.0032886e-01
   1.0024255e-01
   1.0015625e-01
   1.0006994e-01
   9.9983634e-02
   9.9897327e-02
   9.9811021e-02
   9.9724714e-02
   9.9638407e-02
   9.9552101e-02
   9.9465794e-02
   9.9379487e-02
   9.9293181e-02
   9.9206874e-02
   9.9120567e-02
   9.9034261e-02
   9.8947954e-02
   9.8861647e-02
   9.8775341e-02
   9.8689034e-02
   9.8602727e-02
   9.8516421e-02
   9.8430114e-02
   9.8343807e-02
   9.8257501e-02
   9.8171194e-02
   9.8084887e-02
   9.7998581e-02
   9.7912274e-02
   9.7825967e-02
   9.7739661e-02
   9.7653354e-02
   9.7567047e-02
   9.7480741e-02
   9.7394434e-02
   9.7308127e-02
   9.7221821e-02
   9.7135514e-02
   9.7049207e-02
   9.6962901e-02
   9.6876594e-02
   9.6790287e-02
   9.6703981e-02
   9.6617674e-02
   9.6531367e-02
   9.6445061e-02
   9.6358754e-02
   9.6272447e-02
   9.6186141e-02
   9.6099834e-02
   9.6013527e-02
   9.5927221e-02
   9.5840914e-02
   9.5754607e-02
   9.5668301e-02
   9.5581994e-02
   9.5495687e-02
   9.5409381e-02
   9.5323074e-02
   9.5236767e-02
   9.5150461e-02
   9.5064154e-02
   9.4977847e-02
   9.4891541e-02
   9.4805234e-02
   9.4718927e-02
   9.4632621e-02
   9.4546314e-02
   9.4460007e-02
   9.4373701e-02
   9.4287394e-02
   9.4201087e-02
   9.4114781e-02
   9.4028474e-02
   9.3942167e-02
   9.3855860e-02
   9.3769554e-02
   9.3683247e-02
   9.3596940e-02
   9.3510634e-02
   9.3424327e-02
   9.3338020e-02
   9.3251714e-02
   9.3165407e-02
   9.3079100e-02
   9.2992794e-02
   9.2906487e-02
   9.2820180e-02
   9.2733874e-02
   9.2647567e-02
   9.2561260e-02
   9.2474954e-02
   9.2388647e-02
   9.2302340e-02
   9.2216034e-02
   9.2129727e-02
   9.2043420e-02
   9.1957114e-02
   9.1870807e-02
   9.1784500e-02
   9.1698194e-02
   9.1611887e-02
   9.1525580e-02
   9.1439274e-02
   9.1352967e-02
   9.1266660e-02
   9.1180354e-02
   9.1094047e-02
   9.1007740e-02
   9.0921434e-02
   9.0835127e-02
   9.0748820e-02
   9.0662514e-02
   9.0576207e-02
   9.0489900e-02
   9.0403594e-02
   9.0317287e-02
   9.0230980e-02
   9.0144674e-02
   9.0058367e-02
   8.9972060e-02
   8.9885754e-02
   8.9799447e-02
   8.9713140e-02
   8.9626834e-02
   8.9540527e-02
   8.9454220e-02
   8.9367914e-02
   8.9281607e-02
   8.9195300e-02
   8.9108994e-02
   8.9022687e-02
   8.8936380e-02
   8.8850074e-02
   8.8763767e-02
   8.8677460e-02
   8.8591154e-02
   8.8504847e-02
   8.8418540e-02
   8.8332234e-02
   8.8245927e-02
   8.8159620e-02
   8.8073314e-02
   8.7987007e-02
   8.7900700e-02
   8.7814394e-02
   8.7728087e-02
   8.7641780e-02
   8.7555474e-02
   8.7469167e-02
   8.7382860e-02
   8.7296553e-02
   8.7210247e-02
   8.7123940e-02
   8.7037633e-02
   8.6951327e-02
   8.6865020e-02
   8.6778713e-02
   8.6692407e-02
   8.6606100e-02
   8.6519793e-02
   8.6433487e-02
   8.6347180e-02
   8.6260873e-02
   8.6174567e-02
   8.6088260e-02
   8.6001953e-02
   8.5915647e-02
   8.5829340e-02
   8.5743033e-02
   8.5656727e-02
   8.5570420e-02
   8.5484113e-02
   8.5397807e-02
   8.5311500e-02
   8.5225193e-02
   8.5138887e-02
   8.5052580e-02
   8.4966273e-02
   8.4879967e-02
   8.4793660e-02
   8.4707353e-02
   8.4621047e-02
   8.4534740e-02
   8.4448433e-02
   8.4362127e-02
   8.4275820e-02
   8.4189513e-02
   8.4103207e-02
   8.4016900e-02
   8.3930593e-02
   8.3844287e-02
   8.3757980e-02
   8.3671673e-02
   8.3585367e-02
   8.3499060e-02
   8.3412753e-02
   8.3326447e-02
   8.3240140e-02
   8.3153833e-02
   8.3067527e-02
   8.2981220e-02
   8.2894913e-02
   8.2808607e-02
   8.2722300e-02
   8.2635993e-02
   8.2549687e-02
   8.2463380e-02
   8.2377073e-02
   8.2290767e-02
   8.2204460e-02
   8.2118153e-02
   8.2031847e-02
   8.1945540e-02
   8.1859233e-02
   8.1772927e-02
   8.1686620e-02
   8.1600313e-02
   8.1514007e-02
   8.1427700e-02
   8.1341393e-02
   8.1255087e-02
   8.1168780e-02
   8.1082473e-02
   8.0996167e-02
   8.0909860e-02
   8.0823553e-02
   8.0737246e-02
   8.0650940e-02
   8.0564633e-02
   8.0478326e-02
   8.0392020e-02
   8.0305713e-02
   8.0219406e-02
   8.0133100e-02
   8.0046793e-02
   7.9960486e-02
   7.9874180e-02
   7.9787873e-02
   7.9701566e-02
   7.9615260e-02
   7.9528953e-02
   7.9442646e-02
   7.9356340e-02
   7.9270033e-02
   7.9183726e-02
   7.9097420e-02
   7.9011113e-02
   7.8924806e-02
   7.8838500e-02
   7.8752193e-02
   7.8665886e-02
   7.8579580e-02
   7.8493273e-02
   7.8406966e-02
   7.8320660e-02
   7.8234353e-02
   7.8148046e-02
   7.8061740e-02
   7.7975433e-02
   7.7889126e-02
   7.7802820e-02
   7.7716513e-02
   7.7630206e-02
   7.7543900e-02
   7.7457593e-02
   7.7371286e-02
   7.7284980e-02
   7.7198673e-02
   7.7112366e-02
   7.7026060e-02
   7.6939753e-02
   7.6853446e-02
   7.6767140e-02
   7.6680833e-02
   7.6594526e-02
   7.6508220e-02
   7.6421913e-02
   7.6335606e-02
   7.6249300e-02
   7.6162993e-02
   7.6076686e-02
   7.5990380e-02
   7.5904073e-02
   7.5817766e-02
   7.5731460e-02
   7.5645153e-02
   7.5558846e-02
   7.5472540e-02
   7.5386233e-02
   7.5299926e-02
   7.5213620e-02
   7.5127313e-02
   7.5041006e-02
   7.4954700e-02
   7.4868393e-02
   7.4782086e-02
   7.4719350e-02
   7.4677088e-02
   7.4634826e-02
   7.4592564e-02
   7.4550302e-02
   7.4508039e-02
   7.4465777e-02
   7.4423515e-02
   7.4381253e-02
   7.4338991e-02
   7.4296729e-02
   7.4254467e-02
   7.4212205e-02
   7.4169943e-02
   7.4127681e-02
   7.4085419e-02
   7.4043157e-02
   7.4000895e-02
   7.3958633e-02
   7.3916371e-02
   7.3874109e-02
   7.3831847e-02
   7.3789585e-02
   7.3747323e-02
   7.3705061e-02
   7.3662798e-02
   7.3620536e-02
   7.3578274e-02
   7.3536012e-02
   7.3493750e-02
   7.3451488e-02
   7.3409226e-02
   7.3366964e-02
   7.3324702e-02
   7.3282440e-02
   7.3240178e-02
   7.3197916e-02
   7.3155654e-02
   7.3113392e-02
   7.3071130e-02
   7.3028868e-02
   7.2986606e-02
   7.2944344e-02
   7.2902082e-02
   7.2859820e-02
   7.2817557e-02
   7.2775295e-02
   7.2733033e-02
   7.2690771e-02
   7.2648509e-02
   7.2606247e-02
   7.2563985e-02
   7.2521723e-02
   7.2479461e-02
   7.2437199e-02
   7.2394937e-02
   7.2352675e-02
   7.2310413e-02
   7.2268151e-02
   7.2225889e-02
   7.2183627e-02
   7.2141365e-02
   7.2099103e-02
   7.2056841e-02
   7.2014579e-02
   7.1972316e-02
   7.1930054e-02
   7.1887792e-02
   7.1845530e-02
   7.1803268e-02
   7.1761006e-02
   7.1718744e-02
   7.1676482e-02
   7.1634220e-02
   7.1591958e-02
   7.1549696e-02
   7.1507434e-02
   7.1465172e-02
   7.1422910e-02
   7.1380648e-02
   7.1338386e-02
   7.1296124e-02
   7.1253862e-02
   7.1211600e-02
   7.1169338e-02
   7.1127075e-02
   7.1084813e-02
   7.1042551e-02
   7.1000289e-02
   7.0958027e-02
   7.0915765e-02
   7.0873503e-02
   7.0831241e-02
   7.0788979e-02
   7.0746717e-02
   7.0704455e-02
   7.0662193e-02
   7.0619931e-02
   7.0577669e-02
   7.0535407e-02
   7.0493145e-02
   7.0450883e-02
   7.0408621e-02
   7.0366359e-02
   7.0324097e-02
   7.0281834e-02
   7.0239572e-02
   7.0197310e-02
   7.0155048e-02
   7.0112786e-02
   7.0070524e-02
   7.0028262e-02
   6.9986000e-02
   6.9943738e-02
   6.9901476e-02
   6.9859214e-02
   6.9816952e-02
   6.9774690e-02
   6.9732428e-02
   6.9690166e-02
   6.9647904e-02
   6.9605642e-02
   6.9563380e-02
   6.9521118e-02
   6.9478856e-02
   6.9436593e-02
   6.9394331e-02
   6.9352069e-02
   6.9309807e-02
   6.9267545e-02
   6.9225283e-02
   6.9183021e-02
   6.9140759e-02
   6.9098497e-02
   6.9056235e-02
   6.9013973e-02
   6.8971711e-02
   6.8929449e-02
   6.8887187e-02
   6.8844925e-02
   6.8802663e-02
   6.8760401e-02
   6.8718139e-02
   6.8675877e-02
   6.8633615e-02
   6.8591352e-02
   6.8549090e-02
   6.8506828e-02
   6.8464566e-02
   6.8422304e-02
   6.8380042e-02
   6.8337780e-02
   6.8295518e-02
   6.8253256e-02
   6.8210994e-02
   6.8168732e-02
   6.8126470e-02
   6.8084208e-02
   6.8041946e-02
   6.7999684e-02
   6.7957422e-02
   6.7915160e-02
   6.7872898e-02
   6.7830636e-02
   6.7788374e-02
   6.7746111e-02
   6.7703849e-02
   6.7661587e-02
   6.7619325e-02
   6.7577063e-02
   6.7534801e-02
   6.7492539e-02
   6.7450277e-02
   6.7408015e-02
   6.7365753e-02
   6.7323491e-02
   6.7281229e-02
   6.7238967e-02
   6.7196705e-02
   6.7154443e-02
   6.7112181e-02
   6.7069919e-02
   6.7027657e-02
   6.6985395e-02
   6.6943133e-02
   6.6900870e-02
   6.6858608e-02
   6.6816346e-02
   6.6774084e-02
   6.6731822e-02
   6.6689560e-02
   6.6647298e-02
   6.6605036e-02
   6.6562774e-02
   6.6520512e-02
   6.6478250e-02
   6.6435988e-02
   6.6393726e-02
   6.6351464e-02
   6.6309202e-02
   6.6266940e-02
   6.6224678e-02
   6.6182416e-02
   6.6140154e-02
   6.6097892e-02
   6.6055629e-02
   6.6013367e-02
   6.5971105e-02
   6.5928843e-02
   6.5886581e-02
   6.5844319e-02
   6.5802057e-02
   6.5759795e-02
   6.5717533e-02
   6.5675271e-02
   6.5633009e-02
   6.5590747e-02
   6.5548485e-02
   6.5506223e-02
   6.5463961e-02
   6.5421699e-02
   6.5379437e-02
   6.5337175e-02
   6.5294913e-02
   6.5252651e-02
   6.5210388e-02
   6.5168126e-02
   6.5125864e-02
   6.5083602e-02
   6.5041340e-02
   6.4999078e-02
   6.4956816e-02
   6.4914554e-02
   6.4872292e-02
   6.4830030e-02
   6.4787768e-02
   6.4745506e-02
   6.4703244e-02
   6.4660982e-02
   6.4618720e-02
   6.4576458e-02
   6.4534196e-02
   6.4491934e-02
   6.4449672e-02
   6.4407410e-02
   6.4365147e-02
   6.4322885e-02
   6.4280623e-02
   6.4238361e-02
   6.4196099e-02
   6.4153837e-02
   6.4111575e-02
   6.4069313e-02
   6.4027051e-02
   6.3984789e-02
   6.3942527e-02
   6.3900265e-02
   6.3858003e-02
   6.3815741e-02
   6.3773479e-02
   6.3731217e-02
   6.3688955e-02
   6.3646693e-02
   6.3604431e-02
   6.3562169e-02
   6.3519906e-02
   6.3477644e-02
   6.3435382e-02
   6.3393120e-02
   6.3350858e-02
   6.3308596e-02
   6.3266334e-02
   6.3224072e-02
   6.3181810e-02
   6.3139548e-02
   6.3097286e-02
   6.3055024e-02
   6.3012762e-02
   6.2970500e-02
   6.2928238e-02
   6.2885976e-02
   6.2843714e-02
   6.2801452e-02
   6.2759190e-02
   6.2716928e-02
   6.2674665e-02
   6.2632403e-02
   6.2590141e-02
   6.2547879e-02
   6.2505617e-02
   6.2463355e-02
   6.2421093e-02
   6.2378831e-02
   6.2336569e-02
   6.2294307e-02
   6.2252045e-02
