   1.0818464e-02
   4.0035947e-02
   4.8680714e-02
   9.3283743e-03
   7.7537004e-03
   8.7495428e-03
   7.6738793e-03
   7.4334620e-03
   8.2930686e-03
   6.7832041e-03
   1.0561843e-02
   7.2863934e-03
   9.0747545e-03
   7.5385739e-03
   1.2110036e-02
   8.6125312e-03
   9.8953548e-03
   1.0278232e-02
   1.0069865e-02
   1.1073346e-02
   1.5562946e-02
   1.3490272e-02
   1.0720999e-02
   1.3351930e-02
   1.4572652e-02
   1.4498231e-02
   1.7783777e-02
   1.9046023e-02
   1.8770401e-02
   1.9821469e-02
   2.5445037e-02
   2.0548573e-02
   2.1604476e-02
   2.3186475e-02
   2.5013194e-02
   2.7119408e-02
   3.1055030e-02
   3.0400221e-02
   3.3703646e-02
   3.7655848e-02
   3.5017394e-02
   3.7448125e-02
   4.2003543e-02
   4.2968905e-02
   4.5508772e-02
   5.0465591e-02
   4.8966671e-02
   5.2815053e-02
   6.1231151e-02
   7.3145986e-02
   8.4085289e-02
   1.3463305e-01
   2.2779248e-01
   3.2970511e-01
   3.4591929e-01
   3.0162044e-01
   3.8539695e-01
   4.6260890e-01
   4.1322677e-01
   5.7715566e-01
   5.4071881e-01
   5.7887817e-01
   5.0898887e-01
   5.9697279e-01
   5.9038596e-01
   6.5330242e-01
   5.1009741e-01
   5.3517622e-01
   6.9708349e-01
   7.3089936e-01
   9.0375994e-01
   8.6393983e-01
   8.3117699e-01
   8.4184918e-01
   9.0736995e-01
   4.9879263e-01
   8.7957694e-01
   9.4312188e-01
   9.1145041e-01
   8.9468902e-01
   1.1014574e+00
   1.0176798e+00
   1.0829727e+00
   1.0664536e+00
   1.2366675e+00
   1.3017078e+00
   1.3388935e+00
   1.5667084e+00
   1.5314425e+00
   1.6037797e+00
   2.0971765e+00
   1.9056703e+00
   1.8189335e+00
   1.7764913e+00
   2.1422289e+00
   1.6250693e+00
   1.6309445e+00
   1.6817073e+00
   1.8662165e+00
   1.1817189e+00
   1.4543047e+00
   1.7014260e+00
   2.2377366e+00
   1.9488621e+00
   1.7125352e+00
   2.0433626e+00
   2.0712663e+00
   1.9278015e+00
   1.2255330e+00
   1.8773274e+00
   1.5103798e+00
   2.0088722e+00
   1.7546388e+00
   1.6486590e+00
   1.4388430e+00
   1.7335802e+00
   1.3268456e+00
   9.8186270e-01
   1.3428477e+00
   8.8212462e-01
   1.4816311e+00
   7.9286668e-01
   1.1442756e+00
   1.0652167e+00
   8.7823955e-01
   1.7580381e+00
   1.8870494e+00
   1.7406859e+00
   1.5931850e+00
   1.6888052e+00
   1.3609846e+00
   1.5679617e+00
   1.3322090e+00
   1.9910188e+00
   1.5956118e+00
   1.1010319e+00
   1.0165961e+00
   1.2010860e+00
   1.2130355e+00
   1.8988252e+00
   1.9009338e+00
   1.8817875e+00
   2.0133566e+00
   2.2032619e+00
   1.5480583e+00
   1.6042008e+00
   2.0470216e+00
   2.3907588e+00
   3.7766634e+00
   3.5822880e+00
   3.0015111e+00
   2.7951181e+00
   3.1599465e+00
   3.0710105e+00
   3.0882200e+00
   2.9752322e+00
   2.9822224e+00
   3.0311131e+00
   2.0814166e+00
   2.0668719e+00
   2.7808882e+00
   3.0523659e+00
   2.4458709e+00
   1.4402433e+00
   7.2632065e-01
   2.3575333e+00
   3.4627960e+00
   3.6590148e+00
   3.3002600e+00
   2.7555368e+00
   3.4227984e+00
   3.1846014e+00
   3.2836053e+00
   3.3768600e+00
   3.9420270e+00
   4.4077388e+00
   4.3112236e+00
   4.1366215e+00
   4.0789557e+00
   4.0540126e+00
   4.1569798e+00
   4.3066387e+00
   4.3846607e+00
   4.4295584e+00
   4.5188079e+00
   4.6335464e+00
   4.6576196e+00
   4.6177106e+00
   4.6367921e+00
   4.7066329e+00
   4.7545310e+00
   4.7794741e+00
   4.8131965e+00
   4.8580941e+00
   4.8795739e+00
   4.8646080e+00
   4.8479339e+00
   4.8279794e+00
   4.8094897e+00
   4.7945238e+00
   4.8052116e+00
   4.8950069e+00
   4.9202343e+00
   4.6807800e+00
   4.5038011e+00
   4.6883805e+00
   4.8282145e+00
   4.5588284e+00
   4.3182577e+00
   4.6275529e+00
   4.9367356e+00
   5.1362809e+00
   5.3358262e+00
   5.2978492e+00
   5.2479629e+00
   5.3107552e+00
   5.3855847e+00
   5.3751372e+00
   5.3501940e+00
   5.3453536e+00
   5.3453536e+00
   5.1867090e+00
   4.9771865e+00
   5.0009050e+00
   5.1206321e+00
   5.1515116e+00
   5.1365457e+00
   5.1368166e+00
   5.1467938e+00
   5.1904198e+00
   5.2602607e+00
   5.2942508e+00
   5.2942508e+00
   5.3290128e+00
   5.4038423e+00
   5.4703751e+00
   5.5252500e+00
   5.5215372e+00
   5.4167759e+00
   5.4263197e+00
   5.6807400e+00
   5.7846016e+00
   5.4802951e+00
   5.2321383e+00
   5.1822520e+00
   5.1538076e+00
   5.2286370e+00
   5.2942508e+00
   5.2942508e+00
   5.3016724e+00
   5.4194041e+00
   5.8640466e+00
   5.7642740e+00
   5.6645013e+00
   5.4867589e+00
   5.3071681e+00
   5.4840734e+00
   5.6886073e+00
   5.5773117e+00
   5.4226641e+00
   5.6326201e+00
   5.9169721e+00
   6.1584250e+00
   6.3879020e+00
   6.6539453e+00
   6.9333087e+00
   7.2160854e+00
   7.5004374e+00
   7.0810427e+00
   6.2579185e+00
   6.4591505e+00
   7.3820474e+00
   7.8916954e+00
   8.0463430e+00
   7.7861674e+00
   7.0927476e+00
   6.9748994e+00
   7.5885011e+00
   7.3386381e+00
   5.7472646e+00
   5.0896832e+00
   6.2221026e+00
   6.7149344e+00
   5.6723104e+00
   5.3051389e+00
   7.0162396e+00
   8.4361769e+00
   8.6656540e+00
   8.8685973e+00
   8.9184836e+00
   8.9560261e+00
   8.8811966e+00
   8.8061167e+00
   8.7262986e+00
   8.6465234e+00
   8.5966371e+00
   8.5467508e+00
   8.1071603e+00
   7.6482062e+00
   8.1812742e+00
   8.8198191e+00
   9.0189769e+00
   9.1436927e+00
   9.1477306e+00
   9.1227875e+00
   9.0789478e+00
   9.0290615e+00
   8.9968552e+00
   8.9719120e+00
   8.8778221e+00
   8.7481177e+00
   8.7464882e+00
   8.8263063e+00
   8.7882680e+00
   8.6585636e+00
   8.5442360e+00
   8.4444634e+00
   8.2240763e+00
   7.8648948e+00
   7.7403252e+00
   7.9448591e+00
   7.9514383e+00
   7.6172000e+00
   7.6342667e+00
   8.4025159e+00
   8.9216965e+00
   8.7670490e+00
   8.6576252e+00
   8.7075115e+00
   8.7445020e+00
   8.7195588e+00
   8.6976978e+00
   8.6976978e+00
   8.7036678e+00
   8.7834859e+00
   8.8597987e+00
   8.8049237e+00
   8.7500488e+00
   9.0023090e+00
   9.2617178e+00
   9.0162536e+00
   8.7319016e+00
   8.7196406e+00
   8.7445838e+00
   8.8980302e+00
   9.0776209e+00
   8.9567601e+00
   8.7522262e+00
   8.7562365e+00
   8.8360546e+00
   8.8065808e+00
   8.7267627e+00
   8.7135582e+00
   8.7385013e+00
   8.7810171e+00
   8.8358921e+00
   8.8182591e+00
   8.7384410e+00
   8.6097793e+00
   8.4301885e+00
   8.4089173e+00
   8.5885081e+00
   8.7074757e+00
   8.7324189e+00
   8.7316777e+00
   8.6817914e+00
   8.6392500e+00
   8.6143069e+00
   8.5832353e+00
   8.5333489e+00
   8.4932866e+00
   8.4932866e+00
   8.4326808e+00
   8.0236130e+00
   7.6016545e+00
   7.0628823e+00
   6.5890021e+00
   7.3323083e+00
   8.0742895e+00
   8.0992327e+00
   8.1241759e+00
   8.0778010e+00
   8.0279147e+00
   8.0908093e+00
   8.1656387e+00
   8.2191285e+00
   8.2690148e+00
   8.0935213e+00
   7.8640443e+00
   7.7328821e+00
   7.6331095e+00
   7.7102390e+00
   7.8598980e+00
   7.8942408e+00
   7.8692977e+00
   7.9084349e+00
   7.9882530e+00
   7.9782103e+00
   7.8983922e+00
   7.8724360e+00
   7.8973792e+00
   7.8642835e+00
   7.7645108e+00
   7.6730512e+00
   7.5932331e+00
   7.4969004e+00
   7.3721846e+00
   7.2793020e+00
   7.2543588e+00
   7.2631247e+00
   7.3628974e+00
   7.4460940e+00
   7.4710372e+00
   7.5011510e+00
   7.5560259e+00
   7.5688451e+00
   7.2844930e+00
   7.0369077e+00
   7.2414416e+00
   7.4412281e+00
   7.4661712e+00
   7.4911144e+00
   7.3160921e+00
   7.1365014e+00
   7.2442129e+00
   7.3739173e+00
   7.3675129e+00
   7.3425697e+00
   7.3176266e+00
   7.2926834e+00
   7.2052760e+00
   7.1005148e+00
   7.1128964e+00
   7.1677713e+00
   7.2021418e+00
   7.2270849e+00
   7.2012422e+00
   7.1463672e+00
   7.1413162e+00
   7.1712480e+00
   7.1689296e+00
   7.1389978e+00
   7.1115102e+00
   7.0865670e+00
   7.0726285e+00
   7.0726285e+00
   7.0432641e+00
   6.9684346e+00
   6.9107484e+00
   6.8858053e+00
   6.8755725e+00
   6.9005156e+00
   6.9193201e+00
   6.9193201e+00
   6.9193201e+00
   6.9193201e+00
   6.9082030e+00
   6.8333735e+00
   6.7685009e+00
   6.7934440e+00
   6.8143145e+00
   6.7594396e+00
   6.7049244e+00
   6.8096857e+00
   6.9144470e+00
   6.8479714e+00
   6.7731419e+00
   6.7660117e+00
   6.7660117e+00
   6.7190419e+00
   6.6641669e+00
   6.6737189e+00
   6.6986621e+00
   6.7046883e+00
   6.7046883e+00
   6.6692874e+00
   6.6194011e+00
   6.5859987e+00
   6.5610556e+00
   6.5055775e+00
   6.4307480e+00
   6.4261734e+00
   6.4760597e+00
   6.4874426e+00
   6.4624994e+00
   6.4491743e+00
   6.4491743e+00
   6.4387728e+00
   6.4138296e+00
   6.3888864e+00
   6.3639433e+00
   6.3294379e+00
   6.2745630e+00
   6.2345425e+00
   6.2345425e+00
   6.2400780e+00
   6.2650212e+00
   6.2813262e+00
   6.2563831e+00
   6.2283374e+00
   6.1784510e+00
   6.1304508e+00
   6.1055076e+00
   6.0790914e+00
   5.9992733e+00
   5.9194552e+00
   5.9177051e+00
   5.9177051e+00
   5.8945253e+00
   5.8695822e+00
   5.9149215e+00
   5.9697964e+00
   5.9790284e+00
   5.9790284e+00
   5.9360618e+00
   5.8811869e+00
   5.8116609e+00
   5.7368314e+00
   5.7645858e+00
   5.8394152e+00
   5.8507214e+00
   5.8257783e+00
   5.7861708e+00
   5.7362845e+00
   5.7132938e+00
   5.7132938e+00
   5.7010625e+00
   5.6761193e+00
   5.6621910e+00
   5.6621910e+00
   5.6621910e+00
   5.6621910e+00
   5.6347290e+00
   5.5549109e+00
   5.4986621e+00
   5.4986621e+00
   5.4925132e+00
   5.4675700e+00
   5.4475592e+00
   5.4475592e+00
   5.4401274e+00
   5.3902411e+00
   5.3478531e+00
   5.3727962e+00
   5.3938906e+00
   5.3440042e+00
   5.2937325e+00
   5.0991759e+00
   4.9046193e+00
   4.5054418e+00
   4.0963740e+00
   4.5226414e+00
   5.0364704e+00
   5.1658171e+00
   5.2306693e+00
   5.2431480e+00
   5.2431480e+00
   5.2355772e+00
   5.2255999e+00
   5.2049962e+00
   5.1800531e+00
   5.1782018e+00
   5.1881790e+00
   5.1737120e+00
   5.1437802e+00
   5.1307218e+00
   5.1307218e+00
   5.1153082e+00
   5.0853764e+00
   5.0670728e+00
   5.0620842e+00
   5.0529309e+00
   5.0379650e+00
   5.0211600e+00
   5.0012055e+00
   4.9844425e+00
   4.9744652e+00
   4.9577257e+00
   4.9228053e+00
   4.8978672e+00
   4.9078445e+00
   4.9134925e+00
   4.8985266e+00
   4.8835607e+00
   4.8685948e+00
   4.8536289e+00
   4.8386630e+00
   4.8238331e+00
   4.8138558e+00
   4.8038786e+00
   4.7890200e+00
   4.7740541e+00
   4.7637262e+00
   4.7537489e+00
   4.7086141e+00
   4.6587278e+00
   4.6586583e+00
   4.6686355e+00
   4.6668885e+00
   4.6618998e+00
   4.6495816e+00
   4.6346157e+00
   4.6196498e+00
   4.6046839e+00
   4.5801834e+00
   4.5502516e+00
   4.5320595e+00
   4.5220822e+00
   4.5094133e+00
   4.4944474e+00
   4.4794815e+00
   4.4645156e+00
   4.4429347e+00
   4.4130029e+00
   4.3987649e+00
   4.4087421e+00
   4.4101273e+00
   4.3951614e+00
   4.3831457e+00
   4.3781571e+00
   4.3731685e+00
   4.3681798e+00
   4.3552830e+00
   4.3103853e+00
   4.2729399e+00
   4.2779285e+00
   4.2814114e+00
   4.2714341e+00
   4.2619741e+00
   4.2619741e+00
   4.2619435e+00
   4.2519662e+00
   4.2419889e+00
   4.2082083e+00
   4.1732879e+00
   4.1338501e+00
   4.0939411e+00
   4.1010468e+00
   4.1160127e+00
   4.1188863e+00
   4.1188863e+00
   4.1113113e+00
   4.1013340e+00
   4.0878126e+00
   4.0728467e+00
   4.0611817e+00
   4.0512044e+00
   4.0442847e+00
   4.0392961e+00
   4.0371218e+00
   4.0371218e+00
   4.0268378e+00
   4.0068833e+00
   3.9915841e+00
   3.9816069e+00
   3.9695452e+00
   3.9545793e+00
   3.9432956e+00
   3.9383070e+00
   3.9301228e+00
   3.9151569e+00
   3.8947730e+00
   3.8598526e+00
   3.8349329e+00
   3.8449102e+00
   3.8496801e+00
   3.8297255e+00
   3.8122694e+00
   3.8122694e+00
   3.8107442e+00
   3.7907897e+00
   3.7708352e+00
   3.7508806e+00
   3.7309261e+00
   3.7500383e+00
   3.7699928e+00
   3.7574670e+00
   3.7425012e+00
   3.7231385e+00
   3.7031840e+00
   3.6832295e+00
   3.6632749e+00
   3.6628711e+00
   3.6678598e+00
   3.6618479e+00
   3.6518706e+00
   3.6384698e+00
   3.6235039e+00
   3.6021775e+00
   3.5772343e+00
   3.5640390e+00
   3.5590504e+00
   3.5621427e+00
   3.5721200e+00
   3.5722958e+00
   3.5623185e+00
   3.5479271e+00
   3.5279726e+00
   3.5139094e+00
   3.5089207e+00
   3.5004912e+00
   3.4855253e+00
   3.4749909e+00
   3.4749909e+00
   3.4700554e+00
   3.4501009e+00
   3.4341086e+00
   3.4341086e+00
   3.4333614e+00
   3.4283727e+00
   3.4228801e+00
   3.4129029e+00
   3.4029256e+00
   3.3929483e+00
   3.3828668e+00
   3.3429578e+00
   3.3030487e+00
   3.3012413e+00
   3.3012413e+00
   3.2922025e+00
   3.2822253e+00
   3.2808002e+00
   3.2808002e+00
   3.2848330e+00
   3.2898217e+00
   3.2834417e+00
   3.2734645e+00
   3.2563948e+00
   3.2364402e+00
   3.2131828e+00
   3.1882396e+00
   3.1847139e+00
   3.1946911e+00
   3.1962194e+00
   3.1912308e+00
   3.1759500e+00
   3.1510069e+00
   3.1400421e+00
   3.1450307e+00
   3.1395872e+00
   3.1196327e+00
   3.1015213e+00
   3.0865554e+00
   3.0715895e+00
   3.0566236e+00
   3.0470838e+00
   3.0520725e+00
   3.0414757e+00
   2.9766235e+00
   2.9335199e+00
   2.9933835e+00
   3.0313145e+00
   2.9165759e+00
   2.8194714e+00
   2.9342099e+00
   3.0443268e+00
   2.9944405e+00
   2.9445542e+00
   2.9288655e+00
   2.9138996e+00
   2.9499967e+00
   2.9899057e+00
   2.9770294e+00
   2.9570748e+00
   2.8332331e+00
   2.6885627e+00
   2.7473264e+00
   2.8620649e+00
   2.9070945e+00
   2.9270490e+00
   2.9195988e+00
   2.8996442e+00
   2.8287729e+00
   2.7290003e+00
   2.7350316e+00
   2.8148498e+00
   2.8596237e+00
   2.8745896e+00
   2.8723887e+00
   2.8524342e+00
   2.8368979e+00
   2.8269206e+00
   2.8071143e+00
   2.7721939e+00
   2.7183259e+00
   2.6285305e+00
   2.5979036e+00
   2.7076535e+00
   2.7902133e+00
   2.7902133e+00
   2.7872354e+00
   2.7722695e+00
   2.7603009e+00
   2.7652895e+00
   2.7687601e+00
   2.7587828e+00
   2.7485429e+00
   2.7335770e+00
   2.7181838e+00
   2.5934680e+00
   2.4687522e+00
   2.5250971e+00
   2.5899494e+00
   2.6412372e+00
   2.6911235e+00
   2.6725593e+00
   2.6426275e+00
   2.6167305e+00
   2.5917874e+00
   2.6009683e+00
   2.6209228e+00
   2.6337808e+00
   2.6437581e+00
   2.6438204e+00
   2.6388318e+00
   2.6307815e+00
   2.6208042e+00
   2.6136454e+00
   2.6086567e+00
   2.5856426e+00
   2.5457335e+00
   2.4661843e+00
   2.3414685e+00
   2.3107342e+00
   2.4105068e+00
   2.4807566e+00
   2.5007111e+00
   2.5190638e+00
   2.5340297e+00
   2.5435612e+00
   2.5385726e+00
   2.5324687e+00
   2.5224914e+00
   2.5133861e+00
   2.5083975e+00
   2.5034089e+00
   2.4984202e+00
   2.4934316e+00
   2.4884430e+00
   2.4821755e+00
   2.4322892e+00
   2.3824029e+00
   2.4107154e+00
   2.4406472e+00
   2.4334259e+00
   2.4234487e+00
   2.4222731e+00
   2.4222731e+00
   2.4181155e+00
   2.4131269e+00
   2.4042240e+00
   2.3942468e+00
   2.3695857e+00
   2.3396540e+00
   2.2480247e+00
   2.1282975e+00
   2.1550501e+00
   2.2647999e+00
   2.3186700e+00
   2.3336359e+00
   2.3351131e+00
   2.3251358e+00
   2.3151586e+00
   2.3051813e+00
   2.2996263e+00
   2.2996263e+00
   2.2956906e+00
   2.2857134e+00
   2.2791852e+00
   2.2791852e+00
   2.2806665e+00
   2.2856551e+00
   2.2881678e+00
   2.2831792e+00
   2.2752066e+00
   2.2552520e+00
   2.2383030e+00
   2.2383030e+00
   2.2377949e+00
   2.2328063e+00
   2.2278176e+00
   2.2228290e+00
   2.2178404e+00
   2.2128517e+00
   2.2078631e+00
   2.2028745e+00
   2.1978858e+00
   2.1883737e+00
   2.1783964e+00
   2.1726994e+00
   2.1677107e+00
   2.1627221e+00
   2.1577335e+00
   2.1565385e+00
   2.1565385e+00
   2.1529882e+00
   2.1479995e+00
   2.1430109e+00
   2.1380223e+00
   2.1330336e+00
   2.1280450e+00
   2.1145951e+00
   2.0946406e+00
   2.0746861e+00
   2.0547315e+00
   2.0386882e+00
   2.0227246e+00
   2.0067609e+00
   1.9907973e+00
   1.9748337e+00
   1.9845544e+00
   1.9985225e+00
   2.0124907e+00
   2.0264589e+00
   2.0404270e+00
   2.0397053e+00
   2.0337190e+00
   2.0277326e+00
   2.0217462e+00
   2.0157599e+00
   2.0122249e+00
   2.0102295e+00
   2.0082340e+00
   2.0062386e+00
   2.0042431e+00
   2.0012653e+00
   1.9972744e+00
   1.9932834e+00
   1.9892925e+00
   1.9853016e+00
   1.9805716e+00
   1.9745853e+00
   1.9685989e+00
   1.9626126e+00
   1.9566262e+00
   1.9511356e+00
   1.9471447e+00
   1.9431538e+00
   1.9391629e+00
   1.9351720e+00
   1.9311811e+00
   1.9271902e+00
   1.9231993e+00
   1.9192084e+00
   1.9152175e+00
   1.9112082e+00
   1.9032264e+00
   1.8952446e+00
   1.8872628e+00
   1.8792809e+00
   1.8712991e+00
   1.8686014e+00
   1.8666059e+00
   1.8646105e+00
   1.8626150e+00
   1.8606196e+00
   1.8555880e+00
   1.8496017e+00
   1.8436153e+00
   1.8376289e+00
   1.8316426e+00
   1.8269310e+00
   1.8229401e+00
   1.8189492e+00
   1.8149583e+00
   1.8109674e+00
   1.8038821e+00
   1.7939048e+00
   1.7839275e+00
   1.7739503e+00
   1.7639730e+00
   1.7579366e+00
   1.7579366e+00
   1.7579366e+00
   1.7579366e+00
   1.7579366e+00
   1.7568468e+00
   1.7528559e+00
   1.7488650e+00
   1.7448741e+00
   1.7408832e+00
   1.7365907e+00
   1.7306044e+00
   1.7246180e+00
   1.7186317e+00
   1.7126453e+00
   1.7067172e+00
   1.7027263e+00
   1.6987354e+00
   1.6947445e+00
   1.6907536e+00
   1.6867627e+00
   1.6646676e+00
   1.6407221e+00
   1.6167767e+00
   1.5928313e+00
   1.5688858e+00
   1.5715815e+00
   1.5815588e+00
   1.5915361e+00
   1.6015133e+00
   1.6114906e+00
   1.6188202e+00
   1.6248065e+00
   1.6307929e+00
   1.6367793e+00
   1.6427656e+00
   1.6433493e+00
   1.6393584e+00
   1.6353675e+00
   1.6313766e+00
   1.6273857e+00
   1.6233948e+00
   1.6194039e+00
   1.6154130e+00
   1.6114221e+00
   1.6074312e+00
   1.6034403e+00
   1.5994494e+00
   1.5954585e+00
   1.5914676e+00
   1.5874767e+00
   1.5838364e+00
   1.5818409e+00
   1.5798455e+00
   1.5778500e+00
   1.5758546e+00
   1.5735371e+00
   1.5655553e+00
   1.5575735e+00
   1.5495917e+00
   1.5416099e+00
   1.5336281e+00
   1.5312247e+00
   1.5292293e+00
   1.5272338e+00
   1.5252384e+00
   1.5232429e+00
   1.5212475e+00
   1.5192520e+00
   1.5172566e+00
   1.5152611e+00
   1.5132656e+00
   1.5085244e+00
   1.5025380e+00
   1.4965517e+00
   1.4905653e+00
   1.4845790e+00
   1.4819814e+00
   1.4819814e+00
   1.4819814e+00
   1.4819814e+00
   1.4819814e+00
   1.4810951e+00
   1.4790997e+00
   1.4771042e+00
   1.4751088e+00
   1.4731133e+00
   1.4704748e+00
   1.4664839e+00
   1.4624930e+00
   1.4585021e+00
   1.4545112e+00
   1.4497209e+00
   1.4417391e+00
   1.4337573e+00
   1.4257755e+00
   1.4177937e+00
   1.4101247e+00
   1.4061338e+00
   1.4021429e+00
   1.3981520e+00
   1.3941610e+00
   1.3901701e+00
   1.3919049e+00
   1.3939004e+00
   1.3958958e+00
   1.3978913e+00
   1.3998867e+00
   1.3935559e+00
   1.3855741e+00
   1.3775922e+00
   1.3696104e+00
   1.3616286e+00
   1.3579127e+00
   1.3559173e+00
   1.3539218e+00
   1.3519263e+00
   1.3499309e+00
   1.3467568e+00
   1.3427659e+00
   1.3387750e+00
   1.3347841e+00
   1.3307932e+00
   1.3296084e+00
   1.3316038e+00
   1.3335993e+00
   1.3355947e+00
   1.3375902e+00
   1.3368173e+00
   1.3308310e+00
   1.3248446e+00
   1.3188583e+00
   1.3128719e+00
   1.3082319e+00
   1.3082319e+00
   1.3082319e+00
   1.3082319e+00
   1.3082319e+00
   1.3078209e+00
   1.3038300e+00
   1.2998391e+00
   1.2958482e+00
   1.2918573e+00
   1.2878664e+00
   1.2858331e+00
   1.2838377e+00
   1.2818422e+00
   1.2798468e+00
   1.2778513e+00
   1.2758558e+00
   1.2738604e+00
   1.2718649e+00
   1.2698695e+00
   1.2678740e+00
   1.2658786e+00
   1.2638831e+00
   1.2618877e+00
   1.2598922e+00
   1.2578968e+00
   1.2546736e+00
   1.2506827e+00
   1.2466918e+00
   1.2427009e+00
   1.2387100e+00
   1.2357035e+00
   1.2337080e+00
   1.2317126e+00
   1.2297171e+00
   1.2277217e+00
   1.2249851e+00
   1.2209942e+00
   1.2170033e+00
   1.2130124e+00
   1.2090215e+00
   1.2055284e+00
   1.2035330e+00
   1.2015375e+00
   1.1995421e+00
   1.1975466e+00
   1.1955511e+00
   1.1935557e+00
   1.1915602e+00
   1.1895648e+00
   1.1875693e+00
   1.1855626e+00
   1.1815717e+00
   1.1775808e+00
   1.1735899e+00
   1.1695990e+00
   1.1656081e+00
   1.1633806e+00
   1.1613852e+00
   1.1593897e+00
   1.1573942e+00
   1.1553988e+00
   1.1534033e+00
   1.1514079e+00
   1.1494124e+00
   1.1474170e+00
   1.1454215e+00
   1.1434261e+00
   1.1414306e+00
   1.1394352e+00
   1.1374397e+00
   1.1354443e+00
   1.1334488e+00
   1.1314534e+00
   1.1294579e+00
   1.1274625e+00
   1.1254670e+00
   1.1218911e+00
   1.1159048e+00
   1.1099184e+00
   1.1039321e+00
   1.0979457e+00
   1.0878028e+00
   1.0666510e+00
   1.0454992e+00
   1.0243474e+00
   1.0031956e+00
   9.8787318e-01
   1.0050341e+00
   1.0221950e+00
   1.0393559e+00
   1.0565168e+00
   1.0731590e+00
   1.0731590e+00
   1.0731590e+00
   1.0731590e+00
   1.0731590e+00
   1.0731590e+00
   1.0713465e+00
   1.0693510e+00
   1.0673556e+00
   1.0653601e+00
   1.0633647e+00
   1.0613692e+00
   1.0593738e+00
   1.0573783e+00
   1.0553829e+00
   1.0533874e+00
   1.0513920e+00
   1.0493965e+00
   1.0474011e+00
   1.0454056e+00
   1.0434101e+00
   1.0414147e+00
   1.0394192e+00
   1.0374238e+00
   1.0354283e+00
   1.0334329e+00
   1.0310178e+00
   1.0280246e+00
   1.0250314e+00
   1.0220383e+00
   1.0190451e+00
   1.0166479e+00
   1.0156501e+00
   1.0146524e+00
   1.0136547e+00
   1.0126570e+00
   1.0112713e+00
   1.0080786e+00
   1.0048858e+00
   1.0016931e+00
   9.9850040e-01
   9.9542799e-01
   9.9443027e-01
   9.9343254e-01
   9.9243481e-01
   9.9143709e-01
   9.9043936e-01
   9.8851087e-01
   9.8651541e-01
   9.8451996e-01
   9.8252451e-01
   9.8052906e-01
   9.7853360e-01
   9.7653815e-01
   9.7454270e-01
   9.7254725e-01
   9.7055179e-01
   9.6841885e-01
   9.6622385e-01
   9.6402885e-01
   9.6183385e-01
   9.5963885e-01
   9.5755702e-01
   9.5556157e-01
   9.5356612e-01
   9.5157066e-01
   9.4957521e-01
   9.4713558e-01
   9.4414241e-01
   9.4114923e-01
   9.3815605e-01
   9.3516287e-01
   9.3281474e-01
   9.3181701e-01
   9.3081928e-01
   9.2982156e-01
   9.2882383e-01
   9.2758506e-01
   9.2539006e-01
   9.2319506e-01
   9.2100006e-01
   9.1880506e-01
   9.1654669e-01
   9.1355351e-01
   9.1056033e-01
   9.0756715e-01
   9.0457397e-01
   9.0158079e-01
   9.0049822e-01
   8.9950049e-01
   8.9850276e-01
   8.9750504e-01
   8.9650731e-01
   8.9550958e-01
   8.9451186e-01
   8.9351413e-01
   8.9251641e-01
   8.9151868e-01
   8.9052095e-01
   8.8952323e-01
   8.8852550e-01
   8.8752777e-01
   8.8653005e-01
   8.8482389e-01
   8.8262890e-01
   8.8043390e-01
   8.7823890e-01
   8.7604390e-01
   8.7394265e-01
   8.7194719e-01
   8.6995174e-01
   8.6795629e-01
   8.6596084e-01
   8.6396538e-01
   8.6196993e-01
   8.5997448e-01
   8.5797902e-01
   8.5598357e-01
   8.5421353e-01
   8.5321580e-01
   8.5221808e-01
   8.5122035e-01
   8.5022262e-01
   8.4899663e-01
   8.4580390e-01
   8.4261118e-01
   8.3941845e-01
   8.3622573e-01
   8.3303300e-01
   8.3297576e-01
   8.3297576e-01
   8.3297576e-01
   8.3297576e-01
   8.3297576e-01
   8.3040119e-01
   8.2740801e-01
   8.2441484e-01
   8.2142166e-01
   8.1842848e-01
   8.1617184e-01
   8.1417638e-01
   8.1218093e-01
   8.1018548e-01
   8.0819003e-01
   8.0742435e-01
   8.0742435e-01
   8.0742435e-01
   8.0742435e-01
   8.0742435e-01
   8.0693111e-01
   8.0593339e-01
   8.0493566e-01
   8.0393793e-01
   8.0294021e-01
   8.0001020e-01
   7.9382430e-01
   7.8763840e-01
   7.8145249e-01
   7.7526659e-01
   7.7113022e-01
   7.7312567e-01
   7.7512112e-01
   7.7711658e-01
   7.7911203e-01
   7.8046601e-01
   7.7747283e-01
   7.7447965e-01
   7.7148648e-01
   7.6849330e-01
   7.6552005e-01
   7.6552005e-01
   7.6552005e-01
   7.6552005e-01
   7.6552005e-01
   7.6512403e-01
   7.6412630e-01
   7.6312858e-01
   7.6213085e-01
   7.6113312e-01
   7.6040977e-01
   7.6040977e-01
   7.6040977e-01
   7.6040977e-01
   7.6040977e-01
   7.6040977e-01
   7.5900304e-01
   7.5680804e-01
   7.5461304e-01
   7.5241804e-01
   7.5022305e-01
   7.4813160e-01
   7.4613615e-01
   7.4414070e-01
   7.4214525e-01
   7.4014979e-01
   7.3855047e-01
   7.3755274e-01
   7.3655501e-01
   7.3555729e-01
   7.3455956e-01
   7.3301288e-01
   7.3001970e-01
   7.2702652e-01
   7.2403334e-01
   7.2104016e-01
   7.1850547e-01
   7.1850547e-01
   7.1850547e-01
   7.1850547e-01
   7.1850547e-01
   7.1843688e-01
   7.1624188e-01
   7.1404688e-01
   7.1185188e-01
   7.0965688e-01
   7.0746189e-01
   7.0454108e-01
   7.0154790e-01
   6.9855472e-01
   6.9556155e-01
   6.9256837e-01
   6.9114640e-01
   6.9014868e-01
   6.8915095e-01
   6.8815322e-01
   6.8715550e-01
   6.8682173e-01
   6.8682173e-01
   6.8682173e-01
   6.8682173e-01
   6.8682173e-01
   6.8627942e-01
   6.8528169e-01
   6.8428397e-01
   6.8328624e-01
   6.8228851e-01
   6.8036534e-01
   6.7717261e-01
   6.7397989e-01
   6.7078716e-01
   6.6759444e-01
   6.6535855e-01
   6.6535855e-01
   6.6535855e-01
   6.6535855e-01
   6.6535855e-01
   6.6500383e-01
   6.6300837e-01
   6.6101292e-01
   6.5901747e-01
   6.5702201e-01
   6.5508228e-01
   6.5408455e-01
   6.5308682e-01
   6.5208910e-01
   6.5109137e-01
   6.5009364e-01
   6.4816413e-01
   6.4616867e-01
   6.4417322e-01
   6.4217777e-01
   6.4018232e-01
   6.3980715e-01
   6.3980715e-01
   6.3980715e-01
   6.3980715e-01
   6.3980715e-01
   6.3829246e-01
   6.3609746e-01
   6.3390247e-01
   6.3170747e-01
   6.2951247e-01
   6.2743084e-01
   6.2543539e-01
   6.2343994e-01
   6.2144448e-01
   6.1944903e-01
   6.1878916e-01
   6.1978689e-01
   6.2078461e-01
   6.2178234e-01
   6.2278007e-01
   6.2248361e-01
   6.1949043e-01
   6.1649725e-01
   6.1350407e-01
   6.1051090e-01
   6.0771961e-01
   6.0572416e-01
   6.0372871e-01
   6.0173325e-01
   5.9973780e-01
   5.9790284e-01
   5.9790284e-01
   5.9790284e-01
   5.9790284e-01
   5.9790284e-01
   5.9790284e-01
   5.9675525e-01
   5.9555798e-01
   5.9436071e-01
   5.9316344e-01
   5.9196617e-01
   5.8759713e-01
   5.8260850e-01
   5.7761987e-01
   5.7263123e-01
   5.6764260e-01
   5.6835818e-01
   5.7135136e-01
   5.7434454e-01
   5.7733772e-01
   5.8033090e-01
   5.8154995e-01
   5.8154995e-01
   5.8154995e-01
   5.8154995e-01
   5.8154995e-01
   5.8092364e-01
   5.7959334e-01
   5.7826304e-01
   5.7693274e-01
   5.7560243e-01
   5.7427213e-01
   5.7294183e-01
   5.7161153e-01
   5.6967854e-01
   5.6758331e-01
   5.6548809e-01
   5.6339286e-01
   5.6129763e-01
   5.5920241e-01
   5.5710718e-01
   5.5501196e-01
   5.5291673e-01
   5.5082151e-01
   5.5019190e-01
   5.5079053e-01
   5.5138917e-01
   5.5198781e-01
   5.5258644e-01
   5.5318508e-01
   5.5378371e-01
   5.5438235e-01
   5.5498098e-01
   5.5557962e-01
   5.5536955e-01
   5.5327432e-01
   5.5117909e-01
   5.4908387e-01
   5.4698864e-01
   5.4489342e-01
   5.4279819e-01
   5.4070297e-01
   5.3860774e-01
   5.3651252e-01
   5.3441167e-01
   5.3221667e-01
   5.3002167e-01
   5.2782668e-01
   5.2563168e-01
   5.2343668e-01
   5.2124168e-01
   5.1904668e-01
   5.1685169e-01
   5.1465669e-01
   5.1246169e-01
   5.1294185e-01
   5.1403934e-01
   5.1513684e-01
   5.1623434e-01
   5.1733184e-01
   5.1842934e-01
   5.1952684e-01
   5.2062434e-01
   5.2172184e-01
   5.2281934e-01
   5.2272539e-01
   5.2172766e-01
   5.2072994e-01
   5.1973221e-01
   5.1873449e-01
   5.1773676e-01
   5.1673903e-01
   5.1574131e-01
   5.1474358e-01
   5.1374585e-01
   5.1235926e-01
   5.1016426e-01
   5.0796926e-01
   5.0577427e-01
   5.0357927e-01
   5.0138427e-01
   4.9918927e-01
   4.9699427e-01
   4.9479928e-01
   4.9260428e-01
   4.9040120e-01
   4.8810643e-01
   4.8581166e-01
   4.8351689e-01
   4.8122212e-01
   4.7892735e-01
   4.7663258e-01
   4.7433781e-01
   4.7204304e-01
   4.6974827e-01
   4.6745350e-01
   4.6833244e-01
   4.6982903e-01
   4.7132562e-01
   4.7282221e-01
   4.7431880e-01
   4.7581539e-01
   4.7731198e-01
   4.7880856e-01
   4.8030515e-01
   4.8180174e-01
   4.8175942e-01
   4.8066192e-01
   4.7956442e-01
   4.7846693e-01
   4.7736943e-01
   4.7627193e-01
   4.7517443e-01
   4.7407693e-01
   4.7297943e-01
   4.7188193e-01
   4.7088901e-01
   4.7009083e-01
   4.6929265e-01
   4.6849447e-01
   4.6769629e-01
   4.6689810e-01
   4.6609992e-01
   4.6530174e-01
   4.6450356e-01
   4.6370538e-01
   4.6283349e-01
   4.6133690e-01
   4.5984031e-01
   4.5834373e-01
   4.5684714e-01
   4.5535055e-01
   4.5385396e-01
   4.5235737e-01
   4.5086078e-01
   4.4936419e-01
   4.4786760e-01
   4.4473754e-01
   4.4134527e-01
   4.3795300e-01
   4.3456073e-01
   4.3116846e-01
   4.2777619e-01
   4.2438392e-01
   4.2099165e-01
   4.1759938e-01
   4.1420711e-01
   4.1377367e-01
   4.1517049e-01
   4.1656731e-01
   4.1796413e-01
   4.1936094e-01
   4.2075776e-01
   4.2215458e-01
   4.2355139e-01
   4.2494821e-01
   4.2634503e-01
   4.2710753e-01
   4.2680821e-01
   4.2650889e-01
   4.2620958e-01
   4.2591026e-01
   4.2561094e-01
   4.2531162e-01
   4.2501231e-01
   4.2471299e-01
   4.2441367e-01
   4.2404944e-01
   4.2325126e-01
   4.2245308e-01
   4.2165489e-01
   4.2085671e-01
   4.2005853e-01
   4.1926035e-01
   4.1846217e-01
   4.1766399e-01
   4.1686581e-01
   4.1606763e-01
   4.1535787e-01
   4.1465946e-01
   4.1396105e-01
   4.1326265e-01
   4.1256424e-01
   4.1186583e-01
   4.1116742e-01
   4.1046901e-01
   4.0977060e-01
   4.0907220e-01
   4.0830969e-01
   4.0751151e-01
   4.0671333e-01
   4.0591515e-01
   4.0511697e-01
   4.0431879e-01
   4.0352061e-01
   4.0272242e-01
   4.0192424e-01
   4.0112606e-01
   4.0040741e-01
   3.9980878e-01
   3.9921014e-01
   3.9861151e-01
   3.9801287e-01
   3.9741423e-01
   3.9681560e-01
   3.9621696e-01
   3.9561833e-01
   3.9501969e-01
   3.9434387e-01
   3.9324638e-01
   3.9214888e-01
   3.9105138e-01
   3.8995388e-01
   3.8885638e-01
   3.8775888e-01
   3.8666138e-01
   3.8556388e-01
   3.8446638e-01
   3.8336888e-01
   3.8063556e-01
   3.7774216e-01
   3.7484875e-01
   3.7195534e-01
   3.6906194e-01
   3.6616853e-01
   3.6327513e-01
   3.6038172e-01
   3.5748831e-01
   3.5459491e-01
   3.5423037e-01
   3.5512832e-01
   3.5602628e-01
   3.5692423e-01
   3.5782218e-01
   3.5872014e-01
   3.5961809e-01
   3.6051604e-01
   3.6141400e-01
   3.6231195e-01
   3.6282993e-01
   3.6282993e-01
   3.6282993e-01
   3.6282993e-01
   3.6282993e-01
   3.6282993e-01
   3.6282993e-01
   3.6282993e-01
   3.6282993e-01
   3.6282993e-01
   3.6268681e-01
   3.6188863e-01
   3.6109045e-01
   3.6029227e-01
   3.5949409e-01
   3.5869591e-01
   3.5789773e-01
   3.5709955e-01
   3.5630137e-01
   3.5550318e-01
   3.5470500e-01
   3.5409349e-01
   3.5349485e-01
   3.5289622e-01
   3.5229758e-01
   3.5169894e-01
   3.5110031e-01
   3.5050167e-01
   3.4990304e-01
   3.4930440e-01
   3.4870577e-01
   3.4790012e-01
   3.4700217e-01
   3.4610421e-01
   3.4520626e-01
   3.4430831e-01
   3.4341035e-01
   3.4251240e-01
   3.4161445e-01
   3.4071649e-01
   3.3981854e-01
   3.3798246e-01
   3.3498928e-01
   3.3199610e-01
   3.2900292e-01
   3.2600974e-01
   3.2301656e-01
   3.2002338e-01
   3.1703020e-01
   3.1403702e-01
   3.1104384e-01
   3.0900679e-01
   3.1070292e-01
   3.1239906e-01
   3.1409519e-01
   3.1579133e-01
   3.1748746e-01
   3.1918359e-01
   3.2087973e-01
   3.2257586e-01
   3.2427200e-01
   3.2596813e-01
   3.2536541e-01
   3.2466700e-01
   3.2396859e-01
   3.2327018e-01
   3.2257178e-01
   3.2187337e-01
   3.2117496e-01
   3.2047655e-01
   3.1977814e-01
   3.1907973e-01
   3.1888152e-01
   3.1888152e-01
   3.1888152e-01
   3.1888152e-01
   3.1888152e-01
   3.1888152e-01
   3.1888152e-01
   3.1888152e-01
   3.1888152e-01
   3.1888152e-01
   3.1855163e-01
   3.1785322e-01
   3.1715482e-01
   3.1645641e-01
   3.1575800e-01
   3.1505959e-01
   3.1436118e-01
   3.1366277e-01
   3.1296437e-01
   3.1226596e-01
   3.1159035e-01
   3.1099171e-01
   3.1039307e-01
   3.0979444e-01
   3.0919580e-01
   3.0859717e-01
   3.0799853e-01
   3.0739989e-01
   3.0680126e-01
   3.0620262e-01
   3.0560399e-01
   3.0480887e-01
   3.0401069e-01
   3.0321251e-01
   3.0241433e-01
   3.0161615e-01
   3.0081797e-01
   3.0001979e-01
   2.9922161e-01
   2.9842342e-01
   2.9762524e-01
   2.9564451e-01
   2.9324997e-01
   2.9085542e-01
   2.8846088e-01
   2.8606634e-01
   2.8367180e-01
   2.8127725e-01
   2.7888271e-01
   2.7648817e-01
   2.7409362e-01
   2.7363269e-01
   2.7512927e-01
   2.7662586e-01
   2.7812245e-01
   2.7961904e-01
   2.8111563e-01
   2.8261222e-01
   2.8410881e-01
   2.8560540e-01
   2.8710199e-01
   2.8811883e-01
   2.8771974e-01
   2.8732065e-01
   2.8692156e-01
   2.8652247e-01
   2.8612338e-01
   2.8572429e-01
   2.8532520e-01
   2.8492611e-01
   2.8452702e-01
   2.8412609e-01
   2.8352745e-01
   2.8292882e-01
   2.8233018e-01
   2.8173154e-01
   2.8113291e-01
   2.8053427e-01
   2.7993564e-01
   2.7933700e-01
   2.7873837e-01
   2.7813973e-01
   2.7777018e-01
   2.7747086e-01
   2.7717155e-01
   2.7687223e-01
   2.7657291e-01
   2.7627359e-01
   2.7597428e-01
   2.7567496e-01
   2.7537564e-01
   2.7507632e-01
   2.7467294e-01
   2.7417407e-01
   2.7367521e-01
   2.7317635e-01
   2.7267748e-01
   2.7217862e-01
   2.7167976e-01
   2.7118090e-01
   2.7068203e-01
   2.7018317e-01
   2.6968431e-01
   2.6918544e-01
   2.6868658e-01
   2.6818772e-01
   2.6768885e-01
   2.6718999e-01
   2.6669113e-01
   2.6619226e-01
   2.6569340e-01
   2.6519454e-01
   2.6469905e-01
   2.6429996e-01
   2.6390087e-01
   2.6350178e-01
   2.6310269e-01
   2.6270359e-01
   2.6230450e-01
   2.6190541e-01
   2.6150632e-01
   2.6110723e-01
   2.6070814e-01
   2.6023024e-01
   2.5973137e-01
   2.5923251e-01
   2.5873365e-01
   2.5823478e-01
   2.5773592e-01
   2.5723706e-01
   2.5673819e-01
   2.5623933e-01
   2.5574047e-01
   2.5524160e-01
   2.5474274e-01
   2.5424388e-01
   2.5374501e-01
   2.5324615e-01
   2.5274729e-01
   2.5224842e-01
   2.5174956e-01
   2.5125070e-01
   2.5075183e-01
   2.5031329e-01
   2.5001397e-01
   2.4971465e-01
   2.4941533e-01
   2.4911601e-01
   2.4881670e-01
   2.4851738e-01
   2.4821806e-01
   2.4791874e-01
   2.4761942e-01
   2.4731428e-01
   2.4691519e-01
   2.4651610e-01
   2.4611701e-01
   2.4571792e-01
   2.4531883e-01
   2.4491974e-01
   2.4452065e-01
   2.4412155e-01
   2.4372246e-01
   2.4332337e-01
   2.4276174e-01
   2.4216311e-01
   2.4156447e-01
   2.4096584e-01
   2.4036720e-01
   2.3976856e-01
   2.3916993e-01
   2.3857129e-01
   2.3797266e-01
   2.3737402e-01
   2.3694621e-01
   2.3664689e-01
   2.3634757e-01
   2.3604825e-01
   2.3574893e-01
   2.3544962e-01
   2.3515030e-01
   2.3485098e-01
   2.3455166e-01
   2.3425234e-01
   2.3392042e-01
   2.3352133e-01
   2.3312224e-01
   2.3272314e-01
   2.3232405e-01
   2.3192496e-01
   2.3152587e-01
   2.3112678e-01
   2.3072769e-01
   2.3032860e-01
   2.2992951e-01
   2.2953042e-01
   2.2913133e-01
   2.2873224e-01
   2.2833315e-01
   2.2793406e-01
   2.2753497e-01
   2.2713588e-01
   2.2673679e-01
   2.2633770e-01
   2.2593861e-01
   2.2553952e-01
   2.2514042e-01
   2.2474133e-01
   2.2434224e-01
   2.2394315e-01
   2.2354406e-01
   2.2314497e-01
   2.2274588e-01
   2.2234679e-01
   2.2194770e-01
   2.2154861e-01
   2.2114952e-01
   2.2075043e-01
   2.2035134e-01
   2.1995225e-01
   2.1955316e-01
   2.1915407e-01
   2.1875498e-01
   2.1835589e-01
   2.1795680e-01
   2.1759277e-01
   2.1729345e-01
   2.1699413e-01
   2.1669481e-01
   2.1639550e-01
   2.1609618e-01
   2.1579686e-01
   2.1549754e-01
   2.1519822e-01
   2.1489891e-01
   2.1459959e-01
   2.1430027e-01
   2.1400095e-01
   2.1370164e-01
   2.1340232e-01
   2.1310300e-01
   2.1280368e-01
   2.1250436e-01
   2.1220505e-01
   2.1190573e-01
   2.1160641e-01
   2.1122092e-01
   2.1082182e-01
   2.1042273e-01
   2.1002364e-01
   2.0962455e-01
   2.0922546e-01
   2.0882637e-01
   2.0842728e-01
   2.0802819e-01
   2.0762910e-01
   2.0723001e-01
   2.0683092e-01
   2.0643183e-01
   2.0603274e-01
   2.0563365e-01
   2.0523456e-01
   2.0483547e-01
   2.0443638e-01
   2.0403729e-01
   2.0363820e-01
   2.0275138e-01
   2.0105525e-01
   1.9935911e-01
   1.9766298e-01
   1.9596685e-01
   1.9427071e-01
   1.9257458e-01
   1.9087844e-01
   1.8918231e-01
   1.8748617e-01
   1.8613290e-01
   1.8703086e-01
   1.8792881e-01
   1.8882676e-01
   1.8972472e-01
   1.9062267e-01
   1.9152062e-01
   1.9241858e-01
   1.9331653e-01
   1.9421449e-01
   1.9511244e-01
   1.9503546e-01
   1.9483592e-01
   1.9463637e-01
   1.9443683e-01
   1.9423728e-01
   1.9403774e-01
   1.9383819e-01
   1.9363865e-01
   1.9343910e-01
   1.9323956e-01
   1.9304001e-01
   1.9284047e-01
   1.9264092e-01
   1.9244138e-01
   1.9224183e-01
   1.9204228e-01
   1.9184274e-01
   1.9164319e-01
   1.9144365e-01
   1.9124410e-01
   1.9096462e-01
   1.9056553e-01
   1.9016644e-01
   1.8976735e-01
   1.8936826e-01
   1.8896916e-01
   1.8857007e-01
   1.8817098e-01
   1.8777189e-01
   1.8737280e-01
   1.8700499e-01
   1.8680545e-01
   1.8660590e-01
   1.8640636e-01
   1.8620681e-01
   1.8600727e-01
   1.8580772e-01
   1.8560818e-01
   1.8540863e-01
   1.8520909e-01
   1.8500954e-01
   1.8471891e-01
   1.8441959e-01
   1.8412028e-01
   1.8382096e-01
   1.8352164e-01
   1.8322232e-01
   1.8292300e-01
   1.8262369e-01
   1.8232437e-01
   1.8202505e-01
   1.8172573e-01
   1.8142641e-01
   1.8112710e-01
   1.8082778e-01
   1.8052846e-01
   1.8022914e-01
   1.7992983e-01
   1.7963051e-01
   1.7933119e-01
   1.7903187e-01
   1.7873255e-01
   1.7843324e-01
   1.7813392e-01
   1.7783460e-01
   1.7753528e-01
   1.7723596e-01
   1.7693665e-01
   1.7663733e-01
   1.7633801e-01
   1.7603869e-01
   1.7573937e-01
   1.7544006e-01
   1.7514074e-01
   1.7484142e-01
   1.7454210e-01
   1.7424279e-01
   1.7394347e-01
   1.7364415e-01
   1.7334483e-01
   1.7304551e-01
   1.7274620e-01
   1.7244688e-01
   1.7214756e-01
   1.7184824e-01
   1.7154892e-01
   1.7124961e-01
   1.7095029e-01
   1.7065097e-01
   1.7035165e-01
   1.7005233e-01
   1.6975302e-01
   1.6952291e-01
   1.6932336e-01
   1.6912382e-01
   1.6892427e-01
   1.6872472e-01
   1.6852518e-01
   1.6832563e-01
   1.6812609e-01
   1.6792654e-01
   1.6772700e-01
   1.6748258e-01
   1.6718326e-01
   1.6688394e-01
   1.6658462e-01
   1.6628530e-01
   1.6598599e-01
   1.6568667e-01
   1.6538735e-01
   1.6508803e-01
   1.6478871e-01
   1.6450994e-01
   1.6431040e-01
   1.6411085e-01
   1.6391131e-01
   1.6371176e-01
   1.6351222e-01
   1.6331267e-01
   1.6311313e-01
   1.6291358e-01
   1.6271404e-01
   1.6251449e-01
   1.6231495e-01
   1.6211540e-01
   1.6191586e-01
   1.6171631e-01
   1.6151677e-01
   1.6131722e-01
   1.6111767e-01
   1.6091813e-01
   1.6071858e-01
   1.6051904e-01
   1.6024783e-01
   1.5994852e-01
   1.5964920e-01
   1.5934988e-01
   1.5905056e-01
   1.5875124e-01
   1.5845193e-01
   1.5815261e-01
   1.5785329e-01
   1.5755397e-01
   1.5730198e-01
   1.5710244e-01
   1.5690289e-01
   1.5670335e-01
   1.5650380e-01
   1.5630426e-01
   1.5610471e-01
   1.5590517e-01
   1.5570562e-01
   1.5550608e-01
   1.5528353e-01
   1.5498421e-01
   1.5468490e-01
   1.5438558e-01
   1.5408626e-01
   1.5378694e-01
   1.5348762e-01
   1.5318831e-01
   1.5288899e-01
   1.5258967e-01
   1.5229035e-01
   1.5208948e-01
   1.5188993e-01
   1.5169039e-01
   1.5149084e-01
   1.5129130e-01
   1.5109175e-01
   1.5089221e-01
   1.5069266e-01
   1.5049312e-01
   1.5029357e-01
   1.5009403e-01
   1.4989448e-01
   1.4969493e-01
   1.4949539e-01
   1.4929584e-01
   1.4909630e-01
   1.4889675e-01
   1.4869721e-01
   1.4849766e-01
   1.4829812e-01
   1.4809857e-01
   1.4789903e-01
   1.4769948e-01
   1.4749994e-01
   1.4730039e-01
   1.4710085e-01
   1.4690130e-01
   1.4670176e-01
   1.4650221e-01
   1.4630267e-01
   1.4607767e-01
   1.4577835e-01
   1.4547903e-01
   1.4517971e-01
   1.4488039e-01
   1.4458108e-01
   1.4428176e-01
   1.4398244e-01
   1.4368312e-01
   1.4338380e-01
   1.4308449e-01
   1.4278517e-01
   1.4248585e-01
   1.4218653e-01
   1.4188722e-01
   1.4158790e-01
   1.4128858e-01
   1.4098926e-01
   1.4068994e-01
   1.4039063e-01
   1.4009131e-01
   1.3986856e-01
   1.3966901e-01
   1.3946947e-01
   1.3926992e-01
   1.3907038e-01
   1.3887083e-01
   1.3867129e-01
   1.3847174e-01
   1.3827219e-01
   1.3807265e-01
   1.3787310e-01
   1.3767356e-01
   1.3747401e-01
   1.3727447e-01
   1.3707492e-01
   1.3687538e-01
   1.3667583e-01
   1.3647629e-01
   1.3627674e-01
   1.3607720e-01
   1.3587765e-01
   1.3567811e-01
   1.3547856e-01
   1.3527902e-01
   1.3507947e-01
   1.3487993e-01
   1.3468038e-01
   1.3448083e-01
   1.3428129e-01
   1.3408174e-01
   1.3388220e-01
   1.3368265e-01
   1.3348311e-01
   1.3328356e-01
   1.3308402e-01
   1.3288447e-01
   1.3268493e-01
   1.3248538e-01
   1.3228584e-01
   1.3208629e-01
   1.3188675e-01
   1.3168720e-01
   1.3148766e-01
   1.3128811e-01
   1.3108857e-01
   1.3088902e-01
   1.3068947e-01
   1.3048993e-01
   1.3029038e-01
   1.3009084e-01
   1.2989129e-01
   1.2969175e-01
   1.2949220e-01
   1.2929266e-01
   1.2909311e-01
   1.2889357e-01
   1.2869402e-01
   1.2849448e-01
   1.2829493e-01
   1.2809539e-01
   1.2789584e-01
   1.2769630e-01
   1.2749675e-01
   1.2729721e-01
   1.2709766e-01
   1.2689811e-01
   1.2669857e-01
   1.2649902e-01
   1.2629948e-01
   1.2609993e-01
   1.2590039e-01
   1.2570687e-01
   1.2560710e-01
   1.2550733e-01
   1.2540756e-01
   1.2530778e-01
   1.2520801e-01
   1.2510824e-01
   1.2500847e-01
   1.2490869e-01
   1.2480892e-01
   1.2470915e-01
   1.2444643e-01
   1.2414711e-01
   1.2384779e-01
   1.2354847e-01
   1.2324916e-01
   1.2294984e-01
   1.2265052e-01
   1.2235120e-01
   1.2205188e-01
   1.2175257e-01
   1.2151039e-01
   1.2131085e-01
   1.2111130e-01
   1.2091176e-01
   1.2071221e-01
   1.2051267e-01
   1.2031312e-01
   1.2011358e-01
   1.1991403e-01
   1.1971448e-01
   1.1951494e-01
   1.1931539e-01
   1.1911585e-01
   1.1891630e-01
   1.1871676e-01
   1.1851721e-01
   1.1831767e-01
   1.1811812e-01
   1.1791858e-01
   1.1771903e-01
   1.1753646e-01
   1.1753646e-01
   1.1753646e-01
   1.1753646e-01
   1.1753646e-01
   1.1753646e-01
   1.1753646e-01
   1.1753646e-01
   1.1753646e-01
   1.1753646e-01
   1.1753646e-01
   1.1736860e-01
   1.1716906e-01
   1.1696951e-01
   1.1676997e-01
   1.1657042e-01
   1.1637088e-01
   1.1617133e-01
   1.1597178e-01
   1.1577224e-01
   1.1557269e-01
   1.1537315e-01
   1.1517360e-01
   1.1497406e-01
   1.1477451e-01
   1.1457497e-01
   1.1437542e-01
   1.1417588e-01
   1.1397633e-01
   1.1377679e-01
   1.1357724e-01
   1.1337770e-01
   1.1317815e-01
   1.1297861e-01
   1.1277906e-01
   1.1257951e-01
   1.1237997e-01
   1.1218042e-01
   1.1198088e-01
   1.1178133e-01
   1.1158179e-01
   1.1139318e-01
   1.1129341e-01
   1.1119364e-01
   1.1109386e-01
   1.1099409e-01
   1.1089432e-01
   1.1079455e-01
   1.1069477e-01
   1.1059500e-01
   1.1049523e-01
   1.1039546e-01
   1.1020930e-01
   1.1000976e-01
   1.0981021e-01
   1.0961067e-01
   1.0941112e-01
   1.0921158e-01
   1.0901203e-01
   1.0881248e-01
   1.0861294e-01
   1.0841339e-01
   1.0821385e-01
   1.0801430e-01
   1.0781476e-01
   1.0761521e-01
   1.0741567e-01
   1.0721612e-01
   1.0701658e-01
   1.0681703e-01
   1.0661749e-01
   1.0641794e-01
   1.0625612e-01
   1.0615634e-01
   1.0605657e-01
   1.0595680e-01
   1.0585703e-01
   1.0575725e-01
   1.0565748e-01
   1.0555771e-01
   1.0545794e-01
   1.0535816e-01
   1.0525839e-01
   1.0515862e-01
   1.0505885e-01
   1.0495907e-01
   1.0485930e-01
   1.0475953e-01
   1.0465976e-01
   1.0455998e-01
   1.0446021e-01
   1.0436044e-01
   1.0426066e-01
   1.0416089e-01
   1.0406112e-01
   1.0396135e-01
   1.0386157e-01
   1.0376180e-01
   1.0366203e-01
   1.0356226e-01
   1.0346248e-01
   1.0336271e-01
   1.0326294e-01
   1.0306641e-01
   1.0281698e-01
   1.0256755e-01
   1.0231811e-01
   1.0206868e-01
   1.0181925e-01
   1.0156982e-01
   1.0132039e-01
   1.0107096e-01
   1.0082152e-01
   1.0056808e-01
   1.0030867e-01
   1.0004926e-01
   9.9789849e-02
   9.9530440e-02
   9.9271031e-02
   9.9011622e-02
   9.8752214e-02
   9.8492805e-02
   9.8233396e-02
   9.7909022e-02
   9.7240546e-02
   9.6572069e-02
   9.5903592e-02
   9.5235116e-02
   9.4566639e-02
   9.3898163e-02
   9.3229686e-02
   9.2561209e-02
   9.1892733e-02
   9.1224256e-02
   9.1587332e-02
   9.2046286e-02
   9.2505240e-02
   9.2964195e-02
   9.3423149e-02
   9.3882103e-02
   9.4341057e-02
   9.4800011e-02
   9.5258965e-02
   9.5717919e-02
   9.5835387e-02
   9.5785501e-02
   9.5735615e-02
   9.5685728e-02
   9.5635842e-02
   9.5585956e-02
   9.5536069e-02
   9.5486183e-02
   9.5436297e-02
   9.5386410e-02
   9.5315210e-02
   9.5215437e-02
   9.5115665e-02
   9.5015892e-02
   9.4916119e-02
   9.4816347e-02
   9.4716574e-02
   9.4616802e-02
   9.4517029e-02
   9.4417256e-02
   9.4299185e-02
   9.4099640e-02
   9.3900095e-02
   9.3700549e-02
   9.3501004e-02
   9.3301459e-02
   9.3101914e-02
   9.2902368e-02
   9.2702823e-02
   9.2503278e-02
   9.2303732e-02
   9.2047942e-02
   9.1788534e-02
   9.1529125e-02
   9.1269716e-02
   9.1010307e-02
   9.0750898e-02
   9.0491489e-02
   9.0232080e-02
   8.9972672e-02
   8.9713263e-02
   8.9669030e-02
   8.9718916e-02
   8.9768802e-02
   8.9818689e-02
   8.9868575e-02
   8.9918461e-02
   8.9968347e-02
   9.0018234e-02
   9.0068120e-02
   9.0118006e-02
   9.0122811e-02
   9.0072925e-02
   9.0023038e-02
   8.9973152e-02
   8.9923266e-02
   8.9873379e-02
   8.9823493e-02
   8.9773607e-02
   8.9723721e-02
   8.9673834e-02
   8.9603196e-02
   8.9453537e-02
   8.9303878e-02
   8.9154219e-02
   8.9004560e-02
   8.8854901e-02
   8.8705242e-02
   8.8555583e-02
   8.8405924e-02
   8.8256265e-02
   8.8106606e-02
   8.7995425e-02
   8.7885676e-02
   8.7775926e-02
   8.7666176e-02
   8.7556426e-02
   8.7446676e-02
   8.7336926e-02
   8.7227176e-02
   8.7117426e-02
   8.7007676e-02
   8.6905113e-02
   8.6805340e-02
   8.6705568e-02
   8.6605795e-02
   8.6506022e-02
   8.6406250e-02
   8.6306477e-02
   8.6206704e-02
   8.6106932e-02
   8.6007159e-02
   8.5883619e-02
   8.5733960e-02
   8.5584301e-02
   8.5434642e-02
   8.5284983e-02
   8.5135324e-02
   8.4985665e-02
   8.4836006e-02
   8.4686347e-02
   8.4536688e-02
   8.4396312e-02
   8.4286562e-02
   8.4176812e-02
   8.4067062e-02
   8.3957312e-02
   8.3847562e-02
   8.3737812e-02
   8.3628062e-02
   8.3518312e-02
   8.3408563e-02
   8.3298813e-02
   8.3001631e-02
   8.2702313e-02
   8.2402995e-02
   8.2103678e-02
   8.1804360e-02
   8.1505042e-02
   8.1205724e-02
   8.0906406e-02
   8.0607088e-02
   8.0307770e-02
   8.0231407e-02
   8.0231407e-02
   8.0231407e-02
   8.0231407e-02
   8.0231407e-02
   8.0231407e-02
   8.0231407e-02
   8.0231407e-02
   8.0231407e-02
   8.0231407e-02
   8.0231407e-02
   8.0231407e-02
   8.0231407e-02
   8.0231407e-02
   8.0231407e-02
   8.0231407e-02
   8.0231407e-02
   8.0231407e-02
   8.0231407e-02
   8.0231407e-02
   8.0203183e-02
   8.0093433e-02
   7.9983683e-02
   7.9873933e-02
   7.9764183e-02
   7.9654433e-02
   7.9544683e-02
   7.9434933e-02
   7.9325183e-02
   7.9215434e-02
   7.9105817e-02
   7.9006044e-02
   7.8906271e-02
   7.8806499e-02
   7.8706726e-02
   7.8606953e-02
   7.8507181e-02
   7.8407408e-02
   7.8307636e-02
   7.8207863e-02
   7.8108090e-02
   7.8008318e-02
   7.7908545e-02
   7.7808772e-02
   7.7709000e-02
   7.7609227e-02
   7.7509454e-02
   7.7409682e-02
   7.7309909e-02
   7.7210137e-02
   7.7110364e-02
   7.7010591e-02
   7.6910819e-02
   7.6811046e-02
   7.6711273e-02
   7.6611501e-02
   7.6511728e-02
   7.6411955e-02
   7.6312183e-02
   7.6212410e-02
   7.6112638e-02
   7.6010054e-02
   7.5900304e-02
   7.5790554e-02
   7.5680804e-02
   7.5571054e-02
   7.5461304e-02
   7.5351554e-02
   7.5241804e-02
   7.5132055e-02
   7.5022305e-02
   7.4912933e-02
   7.4813160e-02
   7.4713388e-02
   7.4613615e-02
   7.4513842e-02
   7.4414070e-02
   7.4314297e-02
   7.4214525e-02
   7.4114752e-02
   7.4014979e-02
   7.3915207e-02
   7.3815434e-02
   7.3715661e-02
   7.3615889e-02
   7.3516116e-02
   7.3416343e-02
   7.3316571e-02
   7.3216798e-02
   7.3117026e-02
   7.3017253e-02
   7.2917480e-02
   7.2817708e-02
   7.2717935e-02
   7.2618162e-02
   7.2518390e-02
   7.2418617e-02
   7.2318844e-02
   7.2219072e-02
   7.2119299e-02
   7.2019527e-02
   7.1919754e-02
   7.1801642e-02
   7.1642006e-02
   7.1482370e-02
   7.1322733e-02
   7.1163097e-02
   7.1003461e-02
   7.0843825e-02
   7.0684188e-02
   7.0524552e-02
   7.0364916e-02
   7.0199668e-02
   6.9950236e-02
   6.9700804e-02
   6.9451373e-02
   6.9201941e-02
   6.8952510e-02
   6.8703078e-02
   6.8453647e-02
   6.8204215e-02
   6.7954783e-02
   6.7705352e-02
   6.7741795e-02
   6.7841568e-02
   6.7941341e-02
   6.8041113e-02
   6.8140886e-02
   6.8240659e-02
   6.8340431e-02
   6.8440204e-02
   6.8539976e-02
   6.8639749e-02
   6.8653498e-02
   6.8603612e-02
   6.8553726e-02
   6.8503840e-02
   6.8453953e-02
   6.8404067e-02
   6.8354181e-02
   6.8304294e-02
   6.8254408e-02
   6.8204522e-02
   6.8154635e-02
   6.8104749e-02
   6.8054863e-02
   6.8004976e-02
   6.7955090e-02
   6.7905204e-02
   6.7855317e-02
   6.7805431e-02
   6.7755545e-02
   6.7705658e-02
   6.7650559e-02
   6.7540809e-02
   6.7431059e-02
   6.7321309e-02
   6.7211559e-02
   6.7101809e-02
   6.6992059e-02
   6.6882309e-02
   6.6772559e-02
   6.6662810e-02
   6.6553060e-02
   6.6451723e-02
   6.6351950e-02
   6.6252178e-02
   6.6152405e-02
   6.6052632e-02
   6.5952860e-02
   6.5853087e-02
   6.5753314e-02
   6.5653542e-02
   6.5553769e-02
   6.5483898e-02
   6.5434011e-02
   6.5384125e-02
   6.5334239e-02
   6.5284352e-02
   6.5234466e-02
   6.5184580e-02
   6.5134693e-02
   6.5084807e-02
   6.5034921e-02
   6.4967298e-02
   6.4867526e-02
   6.4767753e-02
   6.4667980e-02
   6.4568208e-02
   6.4468435e-02
   6.4368663e-02
   6.4268890e-02
   6.4169117e-02
   6.4069345e-02
   6.3975143e-02
   6.3925257e-02
   6.3875371e-02
   6.3825484e-02
   6.3775598e-02
   6.3725712e-02
   6.3675825e-02
   6.3625939e-02
   6.3576053e-02
   6.3526166e-02
   6.3476280e-02
   6.3374443e-02
   6.3264693e-02
   6.3154943e-02
   6.3045193e-02
   6.2935443e-02
   6.2825693e-02
   6.2715943e-02
   6.2606193e-02
   6.2496443e-02
   6.2386693e-02
   6.2314297e-02
   6.2264411e-02
   6.2214524e-02
   6.2164638e-02
   6.2114752e-02
   6.2064865e-02
   6.2014979e-02
   6.1965093e-02
   6.1915206e-02
   6.1865320e-02
   6.1796471e-02
   6.1696698e-02
   6.1596926e-02
   6.1497153e-02
   6.1397380e-02
   6.1297608e-02
   6.1197835e-02
   6.1098062e-02
   6.0998290e-02
   6.0898517e-02
   6.0798744e-02
   6.0698972e-02
   6.0599199e-02
   6.0499427e-02
   6.0399654e-02
   6.0299881e-02
   6.0200109e-02
   6.0100336e-02
   6.0000563e-02
   5.9900791e-02
   5.9801018e-02
   5.9736861e-02
   5.9676997e-02
   5.9617134e-02
   5.9557270e-02
   5.9497407e-02
   5.9437543e-02
   5.9377680e-02
   5.9317816e-02
   5.9257952e-02
   5.9198089e-02
   5.9144696e-02
   5.9094810e-02
   5.9044924e-02
   5.8995037e-02
   5.8945151e-02
   5.8895265e-02
   5.8845378e-02
   5.8795492e-02
   5.8745606e-02
   5.8695719e-02
   5.8625643e-02
   5.8525871e-02
   5.8426098e-02
   5.8326325e-02
   5.8226553e-02
   5.8126780e-02
   5.8027008e-02
   5.7927235e-02
   5.7827462e-02
   5.7727690e-02
   5.7602238e-02
   5.7342829e-02
   5.7083420e-02
   5.6824011e-02
   5.6564602e-02
   5.6305194e-02
   5.6045785e-02
   5.5786376e-02
   5.5526967e-02
   5.5267558e-02
   5.5008149e-02
   5.4986621e-02
   5.4986621e-02
   5.4986621e-02
   5.4986621e-02
   5.4986621e-02
   5.4986621e-02
   5.4986621e-02
   5.4986621e-02
   5.4986621e-02
   5.4986621e-02
   5.5026918e-02
   5.5086782e-02
   5.5146645e-02
   5.5206509e-02
   5.5266372e-02
   5.5326236e-02
   5.5386100e-02
   5.5445963e-02
   5.5505827e-02
   5.5565690e-02
   5.5574155e-02
   5.5514291e-02
   5.5454427e-02
   5.5394564e-02
   5.5334700e-02
   5.5274837e-02
   5.5214973e-02
   5.5155110e-02
   5.5095246e-02
   5.5035382e-02
   5.4977369e-02
   5.4927483e-02
   5.4877596e-02
   5.4827710e-02
   5.4777824e-02
   5.4727937e-02
   5.4678051e-02
   5.4628165e-02
   5.4578279e-02
   5.4528392e-02
   5.4478506e-02
   5.4381647e-02
   5.4281874e-02
   5.4182101e-02
   5.4082329e-02
   5.3982556e-02
   5.3882784e-02
   5.3783011e-02
   5.3683238e-02
   5.3583466e-02
   5.3483693e-02
   5.3418728e-02
   5.3368842e-02
   5.3318956e-02
   5.3269069e-02
   5.3219183e-02
   5.3169297e-02
   5.3119410e-02
   5.3069524e-02
   5.3019638e-02
   5.2969751e-02
   5.2915337e-02
   5.2855473e-02
   5.2795609e-02
   5.2735746e-02
   5.2675882e-02
   5.2616019e-02
   5.2556155e-02
   5.2496292e-02
   5.2436428e-02
   5.2376564e-02
   5.2310414e-02
   5.2220618e-02
   5.2130823e-02
   5.2041028e-02
   5.1951232e-02
   5.1861437e-02
   5.1771642e-02
   5.1681846e-02
   5.1592051e-02
   5.1502256e-02
   5.1412460e-02
   5.1370864e-02
   5.1330955e-02
   5.1291046e-02
   5.1251137e-02
   5.1211228e-02
   5.1171319e-02
   5.1131410e-02
   5.1091501e-02
   5.1051592e-02
   5.1011683e-02
   5.0964567e-02
   5.0914681e-02
   5.0864794e-02
   5.0814908e-02
   5.0765022e-02
   5.0715135e-02
   5.0665249e-02
   5.0615363e-02
   5.0565476e-02
   5.0515590e-02
   5.0460930e-02
   5.0401066e-02
   5.0341203e-02
   5.0281339e-02
   5.0221475e-02
   5.0161612e-02
   5.0101748e-02
   5.0041885e-02
   4.9982021e-02
   4.9922158e-02
   4.9859953e-02
   4.9790112e-02
   4.9720271e-02
   4.9650430e-02
   4.9580590e-02
   4.9510749e-02
   4.9440908e-02
   4.9371067e-02
   4.9301226e-02
   4.9231385e-02
   4.9161545e-02
   4.9111474e-02
   4.9061588e-02
   4.9011702e-02
   4.8961815e-02
   4.8911929e-02
   4.8862043e-02
   4.8812156e-02
   4.8762270e-02
   4.8712384e-02
   4.8662497e-02
   4.8605159e-02
   4.8545295e-02
   4.8485432e-02
   4.8425568e-02
   4.8365704e-02
   4.8305841e-02
   4.8245977e-02
   4.8186114e-02
   4.8126250e-02
   4.8066387e-02
   4.8011542e-02
   4.7961656e-02
   4.7911770e-02
   4.7861883e-02
   4.7811997e-02
   4.7762111e-02
   4.7712224e-02
   4.7662338e-02
   4.7612452e-02
   4.7562565e-02
   4.7512679e-02
   4.7462793e-02
   4.7412906e-02
   4.7363020e-02
   4.7313134e-02
   4.7263248e-02
   4.7213361e-02
   4.7163475e-02
   4.7113589e-02
   4.7063702e-02
   4.7013663e-02
   4.6953799e-02
   4.6893935e-02
   4.6834072e-02
   4.6774208e-02
   4.6714345e-02
   4.6654481e-02
   4.6594618e-02
   4.6534754e-02
   4.6474890e-02
   4.6415027e-02
   4.6355163e-02
   4.6295300e-02
   4.6235436e-02
   4.6175572e-02
   4.6115709e-02
   4.6062326e-02
   4.6012440e-02
   4.5962554e-02
   4.5912667e-02
   4.5862781e-02
   4.5812895e-02
   4.5763009e-02
   4.5713122e-02
   4.5663236e-02
   4.5613350e-02
   4.5563463e-02
   4.5513577e-02
   4.5463691e-02
   4.5413804e-02
   4.5363918e-02
   4.5314032e-02
   4.5264145e-02
   4.5214259e-02
   4.5164373e-02
   4.5114486e-02
   4.5064600e-02
   4.5014714e-02
   4.4964827e-02
   4.4914941e-02
   4.4865055e-02
   4.4815169e-02
   4.4765282e-02
   4.4715396e-02
   4.4665510e-02
   4.4615623e-02
   4.4565737e-02
   4.4515851e-02
   4.4465964e-02
   4.4416078e-02
   4.4366192e-02
   4.4316305e-02
   4.4266419e-02
   4.4216533e-02
   4.4166646e-02
   4.4116760e-02
   4.4066874e-02
   4.4013624e-02
   4.3958749e-02
   4.3903874e-02
   4.3848999e-02
   4.3794124e-02
   4.3739249e-02
   4.3684374e-02
   4.3629500e-02
   4.3574625e-02
   4.3519750e-02
   4.3464875e-02
   4.3410000e-02
   4.3355125e-02
   4.3300250e-02
   4.3245375e-02
   4.3190500e-02
   4.3135625e-02
   4.3080750e-02
   4.3025875e-02
   4.2971000e-02
   4.2904962e-02
   4.2790224e-02
   4.2675485e-02
   4.2560747e-02
   4.2446008e-02
   4.2331269e-02
   4.2216531e-02
   4.2101792e-02
   4.1987054e-02
   4.1872315e-02
   4.1757577e-02
   4.1642838e-02
   4.1528100e-02
   4.1413361e-02
   4.1298623e-02
   4.1183884e-02
   4.1069146e-02
   4.0954407e-02
   4.0839669e-02
   4.0724930e-02
   4.0610192e-02
   4.0582601e-02
   4.0592578e-02
   4.0602555e-02
   4.0612533e-02
   4.0622510e-02
   4.0632487e-02
   4.0642464e-02
   4.0652442e-02
   4.0662419e-02
   4.0672396e-02
   4.0682373e-02
   4.0692351e-02
   4.0702328e-02
   4.0712305e-02
   4.0722282e-02
   4.0732260e-02
   4.0742237e-02
   4.0752214e-02
   4.0762191e-02
   4.0772169e-02
   4.0772670e-02
   4.0737749e-02
   4.0702829e-02
   4.0667908e-02
   4.0632988e-02
   4.0598068e-02
   4.0563147e-02
   4.0528227e-02
   4.0493306e-02
   4.0458386e-02
   4.0423465e-02
   4.0388545e-02
   4.0353625e-02
   4.0318704e-02
   4.0283784e-02
   4.0248863e-02
   4.0213943e-02
   4.0179022e-02
   4.0144102e-02
   4.0109182e-02
   4.0074261e-02
   4.0035732e-02
   3.9995823e-02
   3.9955914e-02
   3.9916005e-02
   3.9876096e-02
   3.9836187e-02
   3.9796278e-02
   3.9756369e-02
   3.9716460e-02
   3.9676551e-02
   3.9636642e-02
   3.9596733e-02
   3.9556824e-02
   3.9516915e-02
   3.9477005e-02
   3.9437096e-02
   3.9397187e-02
   3.9357278e-02
   3.9317369e-02
   3.9277460e-02
   3.9235200e-02
   3.9185314e-02
   3.9135427e-02
   3.9085541e-02
   3.9035655e-02
   3.8985768e-02
   3.8935882e-02
   3.8885996e-02
   3.8836109e-02
   3.8786223e-02
   3.8736337e-02
   3.8686450e-02
   3.8636564e-02
   3.8586678e-02
   3.8536791e-02
   3.8486905e-02
   3.8437019e-02
   3.8387133e-02
   3.8337246e-02
   3.8287360e-02
   3.8237474e-02
   3.8195050e-02
   3.8155141e-02
   3.8115232e-02
   3.8075323e-02
   3.8035414e-02
   3.7995505e-02
   3.7955595e-02
   3.7915686e-02
   3.7875777e-02
   3.7835868e-02
   3.7795959e-02
   3.7756050e-02
   3.7716141e-02
   3.7676232e-02
   3.7636323e-02
   3.7596414e-02
   3.7556505e-02
   3.7516596e-02
   3.7476687e-02
   3.7436778e-02
   3.7395570e-02
   3.7350673e-02
   3.7305775e-02
   3.7260877e-02
   3.7215980e-02
   3.7171082e-02
   3.7126184e-02
   3.7081287e-02
   3.7036389e-02
   3.6991491e-02
   3.6946594e-02
   3.6901696e-02
   3.6856798e-02
   3.6811901e-02
   3.6767003e-02
   3.6722105e-02
   3.6677207e-02
   3.6632310e-02
   3.6587412e-02
   3.6542514e-02
   3.6497617e-02
   3.6460427e-02
   3.6425506e-02
   3.6390586e-02
   3.6355666e-02
   3.6320745e-02
   3.6285825e-02
   3.6250904e-02
   3.6215984e-02
   3.6181064e-02
   3.6146143e-02
   3.6111223e-02
   3.6076302e-02
   3.6041382e-02
   3.6006461e-02
   3.5971541e-02
   3.5936621e-02
   3.5901700e-02
   3.5866780e-02
   3.5831859e-02
   3.5796939e-02
   3.5762018e-02
   3.5727098e-02
   3.5692178e-02
   3.5657257e-02
   3.5622337e-02
   3.5587416e-02
   3.5552496e-02
   3.5517575e-02
   3.5482655e-02
   3.5447735e-02
   3.5412814e-02
   3.5377894e-02
   3.5342973e-02
   3.5308053e-02
   3.5273133e-02
   3.5238212e-02
   3.5203292e-02
   3.5168371e-02
   3.5133451e-02
   3.5098530e-02
   3.5063610e-02
   3.5024713e-02
   3.4984804e-02
   3.4944895e-02
   3.4904986e-02
   3.4865077e-02
   3.4825168e-02
   3.4785259e-02
   3.4745350e-02
   3.4705441e-02
   3.4665532e-02
   3.4625622e-02
   3.4585713e-02
   3.4545804e-02
   3.4505895e-02
   3.4465986e-02
   3.4426077e-02
   3.4386168e-02
   3.4346259e-02
   3.4306350e-02
   3.4266441e-02
   3.4228076e-02
   3.4193155e-02
   3.4158235e-02
   3.4123314e-02
   3.4088394e-02
   3.4053473e-02
   3.4018553e-02
   3.3983633e-02
   3.3948712e-02
   3.3913792e-02
   3.3878871e-02
   3.3843951e-02
   3.3809030e-02
   3.3774110e-02
   3.3739190e-02
   3.3704269e-02
   3.3669349e-02
   3.3634428e-02
   3.3599508e-02
   3.3564588e-02
   3.3529667e-02
   3.3494747e-02
   3.3459826e-02
   3.3424906e-02
   3.3389985e-02
   3.3355065e-02
   3.3320145e-02
   3.3285224e-02
   3.3250304e-02
   3.3215383e-02
   3.3180463e-02
   3.3145542e-02
   3.3110622e-02
   3.3075702e-02
   3.3040781e-02
   3.3005861e-02
   3.2970940e-02
   3.2936020e-02
   3.2901099e-02
   3.2866179e-02
   3.2831259e-02
   3.2796338e-02
   3.2761418e-02
   3.2726497e-02
   3.2691577e-02
   3.2656657e-02
   3.2621736e-02
   3.2586816e-02
   3.2551895e-02
   3.2516975e-02
   3.2482054e-02
   3.2447134e-02
   3.2412214e-02
   3.2377293e-02
   3.2342373e-02
   3.2307452e-02
   3.2272532e-02
   3.2237611e-02
   3.2202691e-02
   3.2167771e-02
   3.2132850e-02
   3.2097930e-02
   3.2063009e-02
   3.2028089e-02
   3.1993169e-02
   3.1958248e-02
   3.1923328e-02
   3.1888407e-02
   3.1853487e-02
   3.1818566e-02
   3.1783646e-02
   3.1748726e-02
   3.1713805e-02
   3.1678885e-02
   3.1643964e-02
   3.1609044e-02
   3.1574123e-02
   3.1539203e-02
   3.1504283e-02
   3.1469362e-02
   3.1434442e-02
   3.1399521e-02
   3.1364601e-02
   3.1329681e-02
   3.1294760e-02
   3.1259840e-02
   3.1224919e-02
   3.1189999e-02
   3.1155078e-02
   3.1120158e-02
   3.1085238e-02
   3.1050317e-02
   3.1015397e-02
   3.0980476e-02
   3.0945556e-02
   3.0910635e-02
   3.0875715e-02
   3.0840795e-02
   3.0805874e-02
   3.0770954e-02
   3.0736033e-02
   3.0701113e-02
   3.0666192e-02
   3.0635617e-02
   3.0605685e-02
   3.0575753e-02
   3.0545821e-02
   3.0515890e-02
   3.0485958e-02
   3.0456026e-02
   3.0426094e-02
   3.0396162e-02
   3.0366231e-02
   3.0336299e-02
   3.0306367e-02
   3.0276435e-02
   3.0246503e-02
   3.0216572e-02
   3.0186640e-02
   3.0156708e-02
   3.0126776e-02
   3.0096844e-02
   3.0066913e-02
   3.0036981e-02
   3.0007049e-02
   2.9977117e-02
   2.9947185e-02
   2.9917254e-02
   2.9887322e-02
   2.9857390e-02
   2.9827458e-02
   2.9797527e-02
   2.9767595e-02
   2.9737663e-02
   2.9707731e-02
   2.9677799e-02
   2.9647868e-02
   2.9617936e-02
   2.9588004e-02
   2.9558072e-02
   2.9528140e-02
   2.9498209e-02
   2.9468277e-02
   2.9438345e-02
   2.9408413e-02
   2.9378481e-02
   2.9348550e-02
   2.9318618e-02
   2.9288686e-02
   2.9258754e-02
   2.9228823e-02
   2.9198891e-02
   2.9168959e-02
   2.9139027e-02
   2.9109095e-02
   2.9079164e-02
   2.9049232e-02
   2.9019300e-02
   2.8989368e-02
   2.8959436e-02
   2.8929505e-02
   2.8899573e-02
   2.8869641e-02
   2.8839709e-02
   2.8807743e-02
   2.8772823e-02
   2.8737902e-02
   2.8702982e-02
   2.8668061e-02
   2.8633141e-02
   2.8598221e-02
   2.8563300e-02
   2.8528380e-02
   2.8493459e-02
   2.8458539e-02
   2.8423619e-02
   2.8388698e-02
   2.8353778e-02
   2.8318857e-02
   2.8283937e-02
   2.8249016e-02
   2.8214096e-02
   2.8179176e-02
   2.8144255e-02
   2.8109335e-02
   2.8083594e-02
   2.8058651e-02
   2.8033708e-02
   2.8008765e-02
   2.7983822e-02
   2.7958878e-02
   2.7933935e-02
   2.7908992e-02
   2.7884049e-02
   2.7859106e-02
   2.7834163e-02
   2.7809219e-02
   2.7784276e-02
   2.7759333e-02
   2.7734390e-02
   2.7709447e-02
   2.7684504e-02
   2.7659561e-02
   2.7634617e-02
   2.7609674e-02
   2.7580417e-02
   2.7545497e-02
   2.7510576e-02
   2.7475656e-02
   2.7440735e-02
   2.7405815e-02
   2.7370895e-02
   2.7335974e-02
   2.7301054e-02
   2.7266133e-02
   2.7231213e-02
   2.7196292e-02
   2.7161372e-02
   2.7126452e-02
   2.7091531e-02
   2.7056611e-02
   2.7021690e-02
   2.6986770e-02
   2.6951850e-02
   2.6916929e-02
   2.6882009e-02
   2.6856513e-02
   2.6831570e-02
   2.6806627e-02
   2.6781684e-02
   2.6756741e-02
   2.6731798e-02
   2.6706855e-02
   2.6681911e-02
   2.6656968e-02
   2.6632025e-02
   2.6607082e-02
   2.6582139e-02
   2.6557196e-02
   2.6532252e-02
   2.6507309e-02
   2.6482366e-02
   2.6457423e-02
   2.6432480e-02
   2.6407537e-02
   2.6382593e-02
   2.6350811e-02
   2.6310902e-02
   2.6270993e-02
   2.6231084e-02
   2.6191175e-02
   2.6151266e-02
   2.6111357e-02
   2.6071448e-02
   2.6031539e-02
   2.5991630e-02
   2.5951721e-02
   2.5911812e-02
   2.5871903e-02
   2.5831994e-02
   2.5792085e-02
   2.5752176e-02
   2.5712267e-02
   2.5672357e-02
   2.5632448e-02
   2.5592539e-02
   2.5552630e-02
   2.5512721e-02
   2.5472812e-02
   2.5432903e-02
   2.5392994e-02
   2.5353085e-02
   2.5313176e-02
   2.5273267e-02
   2.5233358e-02
   2.5193449e-02
   2.5153540e-02
   2.5113631e-02
   2.5073722e-02
   2.5033813e-02
   2.4993904e-02
   2.4953995e-02
   2.4914085e-02
   2.4874176e-02
   2.4834267e-02
   2.4794358e-02
   2.4754449e-02
   2.4736161e-02
   2.4741150e-02
   2.4746138e-02
   2.4751127e-02
   2.4756116e-02
   2.4761104e-02
   2.4766093e-02
   2.4771081e-02
   2.4776070e-02
   2.4781059e-02
   2.4786047e-02
   2.4791036e-02
   2.4796025e-02
   2.4801013e-02
   2.4806002e-02
   2.4810990e-02
   2.4815979e-02
   2.4820968e-02
   2.4825956e-02
   2.4830945e-02
   2.4835934e-02
   2.4811174e-02
   2.4786231e-02
   2.4761288e-02
   2.4736345e-02
   2.4711402e-02
   2.4686459e-02
   2.4661516e-02
   2.4636572e-02
   2.4611629e-02
   2.4586686e-02
   2.4561743e-02
   2.4536800e-02
   2.4511857e-02
   2.4486913e-02
   2.4461970e-02
   2.4437027e-02
   2.4412084e-02
   2.4387141e-02
   2.4362198e-02
   2.4337254e-02
   2.4312311e-02
   2.4287368e-02
   2.4262425e-02
   2.4237482e-02
   2.4212539e-02
   2.4187596e-02
   2.4162652e-02
   2.4137709e-02
   2.4112766e-02
   2.4087823e-02
   2.4062880e-02
   2.4037937e-02
   2.4012993e-02
   2.3988050e-02
   2.3963107e-02
   2.3938164e-02
   2.3913221e-02
   2.3888278e-02
   2.3863334e-02
   2.3838391e-02
   2.3813540e-02
   2.3793586e-02
   2.3773631e-02
   2.3753677e-02
   2.3733722e-02
   2.3713768e-02
   2.3693813e-02
   2.3673858e-02
   2.3653904e-02
   2.3633949e-02
   2.3613995e-02
   2.3594040e-02
   2.3574086e-02
   2.3554131e-02
   2.3534177e-02
   2.3514222e-02
   2.3494268e-02
   2.3474313e-02
   2.3454359e-02
   2.3434404e-02
   2.3414450e-02
   2.3394495e-02
   2.3374541e-02
   2.3354586e-02
   2.3334631e-02
   2.3314677e-02
   2.3294722e-02
   2.3274768e-02
   2.3254813e-02
   2.3234859e-02
   2.3214904e-02
   2.3194950e-02
   2.3174995e-02
   2.3155041e-02
   2.3135086e-02
   2.3115132e-02
   2.3095177e-02
   2.3075223e-02
   2.3055268e-02
   2.3035314e-02
   2.3015359e-02
   2.2995190e-02
   2.2970247e-02
   2.2945304e-02
   2.2920360e-02
   2.2895417e-02
   2.2870474e-02
   2.2845531e-02
   2.2820588e-02
   2.2795645e-02
   2.2770701e-02
   2.2745758e-02
   2.2720815e-02
   2.2695872e-02
   2.2670929e-02
   2.2645986e-02
   2.2621042e-02
   2.2596099e-02
   2.2571156e-02
   2.2546213e-02
   2.2521270e-02
   2.2496327e-02
   2.2474154e-02
   2.2454199e-02
   2.2434245e-02
   2.2414290e-02
   2.2394336e-02
   2.2374381e-02
   2.2354427e-02
   2.2334472e-02
   2.2314518e-02
   2.2294563e-02
   2.2274609e-02
   2.2254654e-02
   2.2234700e-02
   2.2214745e-02
   2.2194790e-02
   2.2174836e-02
   2.2154881e-02
   2.2134927e-02
   2.2114972e-02
   2.2095018e-02
   2.2074726e-02
   2.2049783e-02
   2.2024840e-02
   2.1999897e-02
   2.1974953e-02
   2.1950010e-02
   2.1925067e-02
   2.1900124e-02
   2.1875181e-02
   2.1850238e-02
   2.1825294e-02
   2.1800351e-02
   2.1775408e-02
   2.1750465e-02
   2.1725522e-02
   2.1700579e-02
   2.1675635e-02
   2.1650692e-02
   2.1625749e-02
   2.1600806e-02
   2.1575863e-02
   2.1556706e-02
   2.1541740e-02
   2.1526774e-02
   2.1511808e-02
   2.1496842e-02
   2.1481876e-02
   2.1466910e-02
   2.1451944e-02
   2.1436978e-02
   2.1422013e-02
   2.1407047e-02
   2.1392081e-02
   2.1377115e-02
   2.1362149e-02
   2.1347183e-02
   2.1332217e-02
   2.1317251e-02
   2.1302285e-02
   2.1287320e-02
   2.1272354e-02
   2.1256928e-02
   2.1236973e-02
   2.1217019e-02
   2.1197064e-02
   2.1177110e-02
   2.1157155e-02
   2.1137201e-02
   2.1117246e-02
   2.1097292e-02
   2.1077337e-02
   2.1057382e-02
   2.1037428e-02
   2.1017473e-02
   2.0997519e-02
   2.0977564e-02
   2.0957610e-02
   2.0937655e-02
   2.0917701e-02
   2.0897746e-02
   2.0877792e-02
   2.0857837e-02
   2.0837883e-02
   2.0817928e-02
   2.0797974e-02
   2.0778019e-02
   2.0758065e-02
   2.0738110e-02
   2.0718155e-02
   2.0698201e-02
   2.0678246e-02
   2.0658292e-02
   2.0638337e-02
   2.0618383e-02
   2.0598428e-02
   2.0578474e-02
   2.0558519e-02
   2.0538565e-02
   2.0518610e-02
   2.0498656e-02
   2.0478701e-02
   2.0458747e-02
   2.0438209e-02
   2.0413266e-02
   2.0388323e-02
   2.0363380e-02
   2.0338437e-02
   2.0313494e-02
   2.0288550e-02
   2.0263607e-02
   2.0238664e-02
   2.0213721e-02
   2.0188778e-02
   2.0163835e-02
   2.0138892e-02
   2.0113948e-02
   2.0089005e-02
   2.0064062e-02
   2.0039119e-02
   2.0014176e-02
   1.9989233e-02
   1.9964289e-02
   1.9939346e-02
   1.9917541e-02
   1.9897587e-02
   1.9877632e-02
   1.9857678e-02
   1.9837723e-02
   1.9817769e-02
   1.9797814e-02
   1.9777860e-02
   1.9757905e-02
   1.9737951e-02
   1.9717996e-02
   1.9698042e-02
   1.9678087e-02
   1.9658133e-02
   1.9638178e-02
   1.9618224e-02
   1.9598269e-02
   1.9578314e-02
   1.9558360e-02
   1.9538405e-02
   1.9518451e-02
   1.9498496e-02
   1.9478542e-02
   1.9458587e-02
   1.9438633e-02
   1.9418678e-02
   1.9398724e-02
   1.9378769e-02
   1.9358815e-02
   1.9338860e-02
   1.9318906e-02
   1.9298951e-02
   1.9278997e-02
   1.9259042e-02
   1.9239088e-02
   1.9219133e-02
   1.9199178e-02
   1.9179224e-02
   1.9159269e-02
   1.9139315e-02
   1.9119360e-02
   1.9086362e-02
   1.9046453e-02
   1.9006544e-02
   1.8966635e-02
   1.8926726e-02
   1.8886817e-02
   1.8846907e-02
   1.8806998e-02
   1.8767089e-02
   1.8727180e-02
   1.8687271e-02
   1.8647362e-02
   1.8607453e-02
   1.8567544e-02
   1.8527635e-02
   1.8487726e-02
   1.8447817e-02
   1.8407908e-02
   1.8367999e-02
   1.8328090e-02
   1.8296461e-02
   1.8306438e-02
   1.8316416e-02
   1.8326393e-02
   1.8336370e-02
   1.8346347e-02
   1.8356325e-02
   1.8366302e-02
   1.8376279e-02
   1.8386256e-02
   1.8396234e-02
   1.8406211e-02
   1.8416188e-02
   1.8426165e-02
   1.8436143e-02
   1.8446120e-02
   1.8456097e-02
   1.8466075e-02
   1.8476052e-02
   1.8486029e-02
   1.8496006e-02
   1.8489065e-02
   1.8474099e-02
   1.8459133e-02
   1.8444167e-02
   1.8429202e-02
   1.8414236e-02
   1.8399270e-02
   1.8384304e-02
   1.8369338e-02
   1.8354372e-02
   1.8339406e-02
   1.8324440e-02
   1.8309474e-02
   1.8294509e-02
   1.8279543e-02
   1.8264577e-02
   1.8249611e-02
   1.8234645e-02
   1.8219679e-02
   1.8204713e-02
   1.8189747e-02
   1.8174781e-02
   1.8159815e-02
   1.8144850e-02
   1.8129884e-02
   1.8114918e-02
   1.8099952e-02
   1.8084986e-02
   1.8070020e-02
   1.8055054e-02
   1.8040088e-02
   1.8025122e-02
   1.8010157e-02
   1.7995191e-02
   1.7980225e-02
   1.7965259e-02
   1.7950293e-02
   1.7935327e-02
   1.7920361e-02
   1.7905395e-02
   1.7890429e-02
   1.7875463e-02
   1.7860498e-02
   1.7845532e-02
   1.7830566e-02
   1.7815600e-02
   1.7800634e-02
   1.7785668e-02
   1.7770702e-02
   1.7755736e-02
   1.7740770e-02
   1.7725805e-02
   1.7710839e-02
   1.7695873e-02
   1.7680907e-02
   1.7665941e-02
   1.7650975e-02
   1.7636009e-02
   1.7621043e-02
   1.7606077e-02
   1.7591111e-02
   1.7575072e-02
   1.7555118e-02
   1.7535163e-02
   1.7515209e-02
   1.7495254e-02
   1.7475300e-02
   1.7455345e-02
   1.7435390e-02
   1.7415436e-02
   1.7395481e-02
   1.7375527e-02
   1.7355572e-02
   1.7335618e-02
   1.7315663e-02
   1.7295709e-02
   1.7275754e-02
   1.7255800e-02
   1.7235845e-02
   1.7215891e-02
   1.7195936e-02
   1.7175982e-02
   1.7156027e-02
   1.7136073e-02
   1.7116118e-02
   1.7096164e-02
   1.7076209e-02
   1.7056254e-02
   1.7036300e-02
   1.7016345e-02
   1.6996391e-02
   1.6976436e-02
   1.6956482e-02
   1.6936527e-02
   1.6916573e-02
   1.6896618e-02
   1.6876664e-02
   1.6856709e-02
   1.6836755e-02
   1.6816800e-02
   1.6796846e-02
   1.6776891e-02
   1.6759329e-02
   1.6749351e-02
   1.6739374e-02
   1.6729397e-02
   1.6719420e-02
   1.6709442e-02
   1.6699465e-02
   1.6689488e-02
   1.6679511e-02
   1.6669533e-02
   1.6659556e-02
   1.6649579e-02
   1.6639602e-02
   1.6629624e-02
   1.6619647e-02
   1.6609670e-02
   1.6599692e-02
   1.6589715e-02
   1.6579738e-02
   1.6569761e-02
   1.6559783e-02
   1.6546054e-02
   1.6531089e-02
   1.6516123e-02
   1.6501157e-02
   1.6486191e-02
   1.6471225e-02
   1.6456259e-02
   1.6441293e-02
   1.6426327e-02
   1.6411361e-02
   1.6396395e-02
   1.6381430e-02
   1.6366464e-02
   1.6351498e-02
   1.6336532e-02
   1.6321566e-02
   1.6306600e-02
   1.6291634e-02
   1.6276668e-02
   1.6261702e-02
   1.6246737e-02
   1.6231771e-02
   1.6216805e-02
   1.6201839e-02
   1.6186873e-02
   1.6171907e-02
   1.6156941e-02
   1.6141975e-02
   1.6127009e-02
   1.6112043e-02
   1.6097078e-02
   1.6082112e-02
   1.6067146e-02
   1.6052180e-02
   1.6037214e-02
   1.6022248e-02
   1.6007282e-02
   1.5992316e-02
   1.5977350e-02
   1.5962385e-02
   1.5947419e-02
   1.5932453e-02
   1.5917487e-02
   1.5902521e-02
   1.5887555e-02
   1.5872589e-02
   1.5857623e-02
   1.5842657e-02
   1.5827691e-02
   1.5812726e-02
   1.5797760e-02
   1.5782794e-02
   1.5767828e-02
   1.5752862e-02
   1.5737896e-02
   1.5722930e-02
   1.5707964e-02
   1.5692998e-02
   1.5678033e-02
   1.5663067e-02
   1.5648101e-02
   1.5634576e-02
   1.5624599e-02
   1.5614622e-02
   1.5604644e-02
   1.5594667e-02
   1.5584690e-02
   1.5574713e-02
   1.5564735e-02
   1.5554758e-02
   1.5544781e-02
   1.5534804e-02
   1.5524826e-02
   1.5514849e-02
   1.5504872e-02
   1.5494895e-02
   1.5484917e-02
   1.5474940e-02
   1.5464963e-02
   1.5454985e-02
   1.5445008e-02
   1.5435031e-02
   1.5421057e-02
   1.5406091e-02
   1.5391125e-02
   1.5376159e-02
   1.5361193e-02
   1.5346227e-02
   1.5331261e-02
   1.5316295e-02
   1.5301329e-02
   1.5286364e-02
   1.5271398e-02
   1.5256432e-02
   1.5241466e-02
   1.5226500e-02
   1.5211534e-02
   1.5196568e-02
   1.5181602e-02
   1.5166636e-02
   1.5151671e-02
   1.5136705e-02
   1.5123303e-02
   1.5113326e-02
   1.5103348e-02
   1.5093371e-02
   1.5083394e-02
   1.5073416e-02
   1.5063439e-02
   1.5053462e-02
   1.5043485e-02
   1.5033507e-02
   1.5023530e-02
   1.5013553e-02
   1.5003576e-02
   1.4993598e-02
   1.4983621e-02
   1.4973644e-02
   1.4963667e-02
   1.4953689e-02
   1.4943712e-02
   1.4933735e-02
   1.4923758e-02
   1.4909661e-02
   1.4894695e-02
   1.4879729e-02
   1.4864763e-02
   1.4849797e-02
   1.4834831e-02
   1.4819865e-02
   1.4804899e-02
   1.4789933e-02
   1.4774968e-02
   1.4760002e-02
   1.4745036e-02
   1.4730070e-02
   1.4715104e-02
   1.4700138e-02
   1.4685172e-02
   1.4670206e-02
   1.4655240e-02
   1.4640274e-02
   1.4625309e-02
   1.4610343e-02
   1.4595377e-02
   1.4580411e-02
   1.4565445e-02
   1.4550479e-02
   1.4535513e-02
   1.4520547e-02
   1.4505581e-02
   1.4490616e-02
   1.4475650e-02
   1.4460684e-02
   1.4445718e-02
   1.4430752e-02
   1.4415786e-02
   1.4400820e-02
   1.4385854e-02
   1.4370888e-02
   1.4355922e-02
   1.4340957e-02
   1.4325991e-02
   1.4311025e-02
   1.4291816e-02
   1.4271862e-02
   1.4251907e-02
   1.4231953e-02
   1.4211998e-02
   1.4192044e-02
   1.4172089e-02
   1.4152135e-02
   1.4132180e-02
   1.4112226e-02
   1.4092271e-02
   1.4072317e-02
   1.4052362e-02
   1.4032408e-02
   1.4012453e-02
   1.3992499e-02
   1.3972544e-02
   1.3952590e-02
   1.3932635e-02
   1.3912680e-02
   1.3898154e-02
   1.3893166e-02
   1.3888177e-02
   1.3883188e-02
   1.3878200e-02
   1.3873211e-02
   1.3868222e-02
   1.3863234e-02
   1.3858245e-02
   1.3853256e-02
   1.3848268e-02
   1.3843279e-02
   1.3838291e-02
   1.3833302e-02
   1.3828313e-02
   1.3823325e-02
   1.3818336e-02
   1.3813347e-02
   1.3808359e-02
   1.3803370e-02
   1.3798382e-02
   1.3784663e-02
   1.3769697e-02
   1.3754731e-02
   1.3739765e-02
   1.3724799e-02
   1.3709833e-02
   1.3694867e-02
   1.3679902e-02
   1.3664936e-02
   1.3649970e-02
   1.3635004e-02
   1.3620038e-02
   1.3605072e-02
   1.3590106e-02
   1.3575140e-02
   1.3560174e-02
   1.3545208e-02
   1.3530243e-02
   1.3515277e-02
   1.3500311e-02
   1.3487277e-02
   1.3477300e-02
   1.3467322e-02
   1.3457345e-02
   1.3447368e-02
   1.3437391e-02
   1.3427413e-02
   1.3417436e-02
   1.3407459e-02
   1.3397482e-02
   1.3387504e-02
   1.3377527e-02
   1.3367550e-02
   1.3357573e-02
   1.3347595e-02
   1.3337618e-02
   1.3327641e-02
   1.3317663e-02
   1.3307686e-02
   1.3297709e-02
   1.3287732e-02
   1.3277754e-02
   1.3267777e-02
   1.3257800e-02
   1.3247823e-02
   1.3237845e-02
   1.3227868e-02
   1.3217891e-02
   1.3207914e-02
   1.3197936e-02
   1.3187959e-02
   1.3177982e-02
   1.3168005e-02
   1.3158027e-02
   1.3148050e-02
   1.3138073e-02
   1.3128095e-02
   1.3118118e-02
   1.3108141e-02
   1.3098164e-02
   1.3088186e-02
   1.3078209e-02
   1.3068232e-02
   1.3058255e-02
   1.3048277e-02
   1.3038300e-02
   1.3028323e-02
   1.3018346e-02
   1.3008368e-02
   1.2998391e-02
   1.2988414e-02
   1.2978437e-02
   1.2968459e-02
   1.2958482e-02
   1.2948505e-02
   1.2938527e-02
   1.2928550e-02
   1.2918573e-02
   1.2908596e-02
   1.2898618e-02
   1.2888641e-02
   1.2878664e-02
   1.2868687e-02
   1.2858709e-02
   1.2848732e-02
   1.2838755e-02
   1.2828778e-02
   1.2818800e-02
   1.2808823e-02
   1.2798846e-02
   1.2788869e-02
   1.2778891e-02
   1.2768914e-02
   1.2758937e-02
   1.2748959e-02
   1.2738982e-02
   1.2729005e-02
   1.2719028e-02
   1.2709050e-02
   1.2699073e-02
   1.2689096e-02
   1.2679119e-02
   1.2669141e-02
   1.2659164e-02
   1.2649187e-02
   1.2639210e-02
   1.2629232e-02
   1.2619255e-02
   1.2609278e-02
   1.2599301e-02
   1.2589323e-02
   1.2579346e-02
   1.2569369e-02
   1.2559391e-02
   1.2549414e-02
   1.2539437e-02
   1.2529460e-02
   1.2519482e-02
   1.2509505e-02
   1.2499528e-02
   1.2489551e-02
   1.2479573e-02
   1.2469596e-02
   1.2454886e-02
   1.2439920e-02
   1.2424954e-02
   1.2409988e-02
   1.2395022e-02
   1.2380056e-02
   1.2365090e-02
   1.2350124e-02
   1.2335159e-02
   1.2320193e-02
   1.2305227e-02
   1.2290261e-02
   1.2275295e-02
   1.2260329e-02
   1.2245363e-02
   1.2230397e-02
   1.2215431e-02
   1.2200466e-02
   1.2185500e-02
   1.2170534e-02
   1.2157868e-02
   1.2147891e-02
   1.2137913e-02
   1.2127936e-02
   1.2117959e-02
   1.2107982e-02
   1.2098004e-02
   1.2088027e-02
   1.2078050e-02
   1.2068073e-02
   1.2058095e-02
   1.2048118e-02
   1.2038141e-02
   1.2028164e-02
   1.2018186e-02
   1.2008209e-02
   1.1998232e-02
   1.1988254e-02
   1.1978277e-02
   1.1968300e-02
   1.1958323e-02
   1.1948345e-02
   1.1938368e-02
   1.1928391e-02
   1.1918414e-02
   1.1908436e-02
   1.1898459e-02
   1.1888482e-02
   1.1878505e-02
   1.1868527e-02
   1.1858550e-02
   1.1848573e-02
   1.1838596e-02
   1.1828618e-02
   1.1818641e-02
   1.1808664e-02
   1.1798686e-02
   1.1788709e-02
   1.1778732e-02
   1.1768755e-02
   1.1758777e-02
   1.1748800e-02
   1.1738823e-02
   1.1728846e-02
   1.1718868e-02
   1.1708891e-02
   1.1698914e-02
   1.1688937e-02
   1.1678959e-02
   1.1668982e-02
   1.1659005e-02
   1.1649028e-02
   1.1639050e-02
   1.1629073e-02
   1.1619096e-02
   1.1609118e-02
   1.1599141e-02
   1.1589164e-02
   1.1579187e-02
   1.1569209e-02
   1.1559232e-02
   1.1549255e-02
   1.1544256e-02
   1.1539267e-02
   1.1534279e-02
   1.1529290e-02
   1.1524301e-02
   1.1519313e-02
   1.1514324e-02
   1.1509336e-02
   1.1504347e-02
   1.1499358e-02
   1.1494370e-02
   1.1489381e-02
   1.1484392e-02
   1.1479404e-02
   1.1474415e-02
   1.1469427e-02
   1.1464438e-02
   1.1459449e-02
   1.1454461e-02
   1.1449472e-02
   1.1441938e-02
   1.1431961e-02
   1.1421983e-02
   1.1412006e-02
   1.1402029e-02
   1.1392052e-02
   1.1382074e-02
   1.1372097e-02
   1.1362120e-02
   1.1352143e-02
   1.1342165e-02
   1.1332188e-02
   1.1322211e-02
   1.1312234e-02
   1.1302256e-02
   1.1292279e-02
   1.1282302e-02
   1.1272324e-02
   1.1262347e-02
   1.1252370e-02
   1.1242055e-02
   1.1217112e-02
   1.1192169e-02
   1.1167226e-02
   1.1142283e-02
   1.1117340e-02
   1.1092396e-02
   1.1067453e-02
   1.1042510e-02
   1.1017567e-02
   1.0992624e-02
   1.0967681e-02
   1.0942737e-02
   1.0917794e-02
   1.0892851e-02
   1.0867908e-02
   1.0842965e-02
   1.0818022e-02
   1.0793078e-02
   1.0768135e-02
   1.0743192e-02
   1.0728921e-02
   1.0723933e-02
   1.0718944e-02
   1.0713956e-02
   1.0708967e-02
   1.0703978e-02
   1.0698990e-02
   1.0694001e-02
   1.0689012e-02
   1.0684024e-02
   1.0679035e-02
   1.0674046e-02
   1.0669058e-02
   1.0664069e-02
   1.0659081e-02
   1.0654092e-02
   1.0649103e-02
   1.0644115e-02
   1.0639126e-02
   1.0634137e-02
   1.0629619e-02
   1.0634608e-02
   1.0639596e-02
   1.0644585e-02
   1.0649574e-02
   1.0654562e-02
   1.0659551e-02
   1.0664539e-02
   1.0669528e-02
   1.0674517e-02
   1.0679505e-02
   1.0684494e-02
   1.0689483e-02
   1.0694471e-02
   1.0699460e-02
   1.0704448e-02
   1.0709437e-02
   1.0714426e-02
   1.0719414e-02
   1.0724403e-02
   1.0729392e-02
   1.0726008e-02
   1.0716031e-02
   1.0706053e-02
   1.0696076e-02
   1.0686099e-02
   1.0676122e-02
   1.0666144e-02
   1.0656167e-02
   1.0646190e-02
   1.0636213e-02
   1.0626235e-02
   1.0616258e-02
   1.0606281e-02
   1.0596304e-02
   1.0586326e-02
   1.0576349e-02
   1.0566372e-02
   1.0556394e-02
   1.0546417e-02
   1.0536440e-02
   1.0526820e-02
   1.0521832e-02
   1.0516843e-02
   1.0511855e-02
   1.0506866e-02
   1.0501877e-02
   1.0496889e-02
   1.0491900e-02
   1.0486911e-02
   1.0481923e-02
   1.0476934e-02
   1.0471946e-02
   1.0466957e-02
   1.0461968e-02
   1.0456980e-02
   1.0451991e-02
   1.0447002e-02
   1.0442014e-02
   1.0437025e-02
   1.0432036e-02
   1.0427048e-02
   1.0417689e-02
   1.0405217e-02
   1.0392746e-02
   1.0380274e-02
   1.0367803e-02
   1.0355331e-02
   1.0342860e-02
   1.0330388e-02
   1.0317916e-02
   1.0305445e-02
   1.0292973e-02
   1.0280502e-02
   1.0268030e-02
   1.0255559e-02
   1.0243087e-02
   1.0230615e-02
   1.0218144e-02
   1.0205672e-02
   1.0193201e-02
   1.0180729e-02
   1.0168690e-02
   1.0160708e-02
   1.0152726e-02
   1.0144744e-02
   1.0136763e-02
   1.0128781e-02
   1.0120799e-02
   1.0112817e-02
   1.0104835e-02
   1.0096854e-02
   1.0088872e-02
   1.0080890e-02
   1.0072908e-02
   1.0064926e-02
   1.0056945e-02
   1.0048963e-02
   1.0040981e-02
   1.0032999e-02
   1.0025017e-02
   1.0017035e-02
   1.0009054e-02
   1.0001375e-02
   9.9938925e-03
   9.9864096e-03
   9.9789266e-03
   9.9714437e-03
   9.9639607e-03
   9.9564778e-03
   9.9489948e-03
   9.9415119e-03
   9.9340289e-03
   9.9265460e-03
   9.9190631e-03
   9.9115801e-03
   9.9040972e-03
   9.8966142e-03
   9.8891313e-03
   9.8816483e-03
   9.8741654e-03
   9.8666824e-03
   9.8591995e-03
   9.8517165e-03
   9.8442336e-03
   9.8367506e-03
   9.8292677e-03
   9.8217847e-03
   9.8143018e-03
   9.8068188e-03
   9.7993359e-03
   9.7918529e-03
   9.7843700e-03
   9.7768871e-03
   9.7694041e-03
   9.7619212e-03
   9.7544382e-03
   9.7469553e-03
   9.7394723e-03
   9.7319894e-03
   9.7245064e-03
   9.7170235e-03
   9.7095405e-03
   9.7020576e-03
   9.6942587e-03
   9.6862769e-03
   9.6782951e-03
   9.6703133e-03
   9.6623315e-03
   9.6543497e-03
   9.6463679e-03
   9.6383861e-03
   9.6304043e-03
   9.6224225e-03
   9.6144406e-03
   9.6064588e-03
   9.5984770e-03
   9.5904952e-03
   9.5825134e-03
   9.5745316e-03
   9.5665498e-03
   9.5585680e-03
   9.5505862e-03
   9.5426043e-03
   9.5346951e-03
   9.5272122e-03
   9.5197292e-03
   9.5122463e-03
   9.5047633e-03
   9.4972804e-03
   9.4897974e-03
   9.4823145e-03
   9.4748315e-03
   9.4673486e-03
   9.4598656e-03
   9.4523827e-03
   9.4448997e-03
   9.4374168e-03
   9.4299338e-03
   9.4224509e-03
   9.4149680e-03
   9.4074850e-03
   9.4000021e-03
   9.3925191e-03
   9.3850362e-03
   9.3775532e-03
   9.3700703e-03
   9.3625873e-03
   9.3551044e-03
   9.3476214e-03
   9.3401385e-03
   9.3326555e-03
   9.3251726e-03
   9.3176896e-03
   9.3102067e-03
   9.3027237e-03
   9.2952408e-03
   9.2877578e-03
   9.2802749e-03
   9.2727920e-03
   9.2653090e-03
   9.2578261e-03
   9.2503431e-03
   9.2428602e-03
   9.2353772e-03
   9.2282337e-03
   9.2227462e-03
   9.2172587e-03
   9.2117712e-03
   9.2062837e-03
   9.2007962e-03
   9.1953087e-03
   9.1898212e-03
   9.1843337e-03
   9.1788462e-03
   9.1733587e-03
   9.1678712e-03
   9.1623837e-03
   9.1568962e-03
   9.1514087e-03
   9.1459212e-03
   9.1404337e-03
   9.1349462e-03
   9.1294587e-03
   9.1239713e-03
   9.1184838e-03
   9.1116346e-03
   9.1041517e-03
   9.0966687e-03
   9.0891858e-03
   9.0817028e-03
   9.0742199e-03
   9.0667369e-03
   9.0592540e-03
   9.0517710e-03
   9.0442881e-03
   9.0368051e-03
   9.0293222e-03
   9.0218392e-03
   9.0143563e-03
   9.0068733e-03
   8.9993904e-03
   8.9919075e-03
   8.9844245e-03
   8.9769416e-03
   8.9694586e-03
   8.9619757e-03
   8.9544927e-03
   8.9470098e-03
   8.9395268e-03
   8.9320439e-03
   8.9245609e-03
   8.9170780e-03
   8.9095950e-03
   8.9021121e-03
   8.8946291e-03
   8.8871462e-03
   8.8796632e-03
   8.8721803e-03
   8.8646973e-03
   8.8572144e-03
   8.8497314e-03
   8.8422485e-03
   8.8347656e-03
   8.8272826e-03
   8.8197997e-03
   8.8123167e-03
   8.8044811e-03
   8.7964993e-03
   8.7885175e-03
   8.7805356e-03
   8.7725538e-03
   8.7645720e-03
   8.7565902e-03
   8.7486084e-03
   8.7406266e-03
   8.7326448e-03
   8.7246630e-03
   8.7166812e-03
   8.7086994e-03
   8.7007175e-03
   8.6927357e-03
   8.6847539e-03
   8.6767721e-03
   8.6687903e-03
   8.6608085e-03
   8.6528267e-03
   8.6455012e-03
   8.6405125e-03
   8.6355239e-03
   8.6305353e-03
   8.6255466e-03
   8.6205580e-03
   8.6155694e-03
   8.6105807e-03
   8.6055921e-03
   8.6006035e-03
   8.5956148e-03
   8.5906262e-03
   8.5856376e-03
   8.5806489e-03
   8.5756603e-03
   8.5706717e-03
   8.5656831e-03
   8.5606944e-03
   8.5557058e-03
   8.5507172e-03
   8.5457285e-03
   8.5389152e-03
   8.5314322e-03
   8.5239493e-03
   8.5164663e-03
   8.5089834e-03
   8.5015004e-03
   8.4940175e-03
   8.4865345e-03
   8.4790516e-03
   8.4715686e-03
   8.4640857e-03
   8.4566027e-03
   8.4491198e-03
   8.4416368e-03
   8.4341539e-03
   8.4266709e-03
   8.4191880e-03
   8.4117050e-03
   8.4042221e-03
   8.3967392e-03
   8.3897428e-03
   8.3842553e-03
   8.3787678e-03
   8.3732803e-03
   8.3677928e-03
   8.3623053e-03
   8.3568178e-03
   8.3513303e-03
   8.3458428e-03
   8.3403553e-03
   8.3348679e-03
