   1.2000000e-01
   1.2097620e-01
   1.2195239e-01
   1.2292859e-01
   1.2390478e-01
   1.2488098e-01
   1.2585717e-01
   1.2683337e-01
   1.2780956e-01
   1.2878576e-01
   1.2976195e-01
   1.3073815e-01
   1.3171434e-01
   1.3269054e-01
   1.3366673e-01
   1.3464293e-01
   1.3561912e-01
   1.3659532e-01
   1.3757151e-01
   1.3854771e-01
   1.3952390e-01
   1.4050010e-01
   1.4147630e-01
   1.4245249e-01
   1.4342869e-01
   1.4440488e-01
   1.4538108e-01
   1.4635727e-01
   1.4733347e-01
   1.4830966e-01
   1.4928586e-01
   1.5026205e-01
   1.5123825e-01
   1.5221444e-01
   1.5319064e-01
   1.5416683e-01
   1.5514303e-01
   1.5611922e-01
   1.5709542e-01
   1.5807161e-01
   1.5904781e-01
   1.6002400e-01
   1.6100020e-01
   1.6197640e-01
   1.6295259e-01
   1.6392879e-01
   1.6490498e-01
   1.6588118e-01
   1.6685737e-01
   1.6783357e-01
   1.6880976e-01
   1.6978596e-01
   1.7076215e-01
   1.7173835e-01
   1.7271454e-01
   1.7369074e-01
   1.7466693e-01
   1.7564313e-01
   1.7661932e-01
   1.7759552e-01
   1.7857171e-01
   1.7954791e-01
   1.8052410e-01
   1.8150030e-01
   1.8247650e-01
   1.8345269e-01
   1.8442889e-01
   1.8540508e-01
   1.8638128e-01
   1.8735747e-01
   1.8833367e-01
   1.8930986e-01
   1.9028606e-01
   1.9126225e-01
   1.9223845e-01
   1.9321464e-01
   1.9419084e-01
   1.9516703e-01
   1.9614323e-01
   1.9711942e-01
   1.9809562e-01
   1.9907181e-01
   2.0004801e-01
   2.0102420e-01
   2.0200040e-01
   2.0297660e-01
   2.0395279e-01
   2.0492899e-01
   2.0590518e-01
   2.0688138e-01
   2.0785757e-01
   2.0883377e-01
   2.0980996e-01
   2.1078616e-01
   2.1176235e-01
   2.1273855e-01
   2.1371474e-01
   2.1469094e-01
   2.1566713e-01
   2.1664333e-01
   2.1761952e-01
   2.1859572e-01
   2.1957191e-01
   2.2054811e-01
   2.2152430e-01
   2.2250050e-01
   2.2347670e-01
   2.2445289e-01
   2.2542909e-01
   2.2640528e-01
   2.2738148e-01
   2.2835767e-01
   2.2933387e-01
   2.3031006e-01
   2.3128626e-01
   2.3226245e-01
   2.3323865e-01
   2.3421484e-01
   2.3519104e-01
   2.3616723e-01
   2.3714343e-01
   2.3811962e-01
   2.3909582e-01
   2.4007201e-01
   2.4104821e-01
   2.4202440e-01
   2.4300060e-01
   2.4397680e-01
   2.4495299e-01
   2.4592919e-01
   2.4690538e-01
   2.4788158e-01
   2.4885777e-01
   2.4983397e-01
   2.5081016e-01
   2.5178636e-01
   2.5276255e-01
   2.5373875e-01
   2.5471494e-01
   2.5569114e-01
   2.5666733e-01
   2.5764353e-01
   2.5861972e-01
   2.5959592e-01
   2.6057211e-01
   2.6154831e-01
   2.6252450e-01
   2.6350070e-01
   2.6447690e-01
   2.6545309e-01
   2.6642929e-01
   2.6740548e-01
   2.6838168e-01
   2.6935787e-01
   2.7033407e-01
   2.7131026e-01
   2.7228646e-01
   2.7326265e-01
   2.7423885e-01
   2.7521504e-01
   2.7619124e-01
   2.7716743e-01
   2.7814363e-01
   2.7911982e-01
   2.8009602e-01
   2.8107221e-01
   2.8204841e-01
   2.8302460e-01
   2.8400080e-01
   2.8497700e-01
   2.8595319e-01
   2.8692939e-01
   2.8790558e-01
   2.8888178e-01
   2.8985797e-01
   2.9083417e-01
   2.9181036e-01
   2.9278656e-01
   2.9376275e-01
   2.9473895e-01
   2.9571514e-01
   2.9669134e-01
   2.9766753e-01
   2.9864373e-01
   2.9961992e-01
   3.0059612e-01
   3.0157231e-01
   3.0254851e-01
   3.0352470e-01
   3.0450090e-01
   3.0547710e-01
   3.0645329e-01
   3.0742949e-01
   3.0840568e-01
   3.0938188e-01
   3.1035807e-01
   3.1133427e-01
   3.1231046e-01
   3.1328666e-01
   3.1426285e-01
   3.1523905e-01
   3.1621524e-01
   3.1719144e-01
   3.1816763e-01
   3.1914383e-01
   3.2012002e-01
   3.2109622e-01
   3.2207241e-01
   3.2304861e-01
   3.2402480e-01
   3.2500100e-01
   3.2597720e-01
   3.2695339e-01
   3.2792959e-01
   3.2890578e-01
   3.2988198e-01
   3.3085817e-01
   3.3183437e-01
   3.3281056e-01
   3.3378676e-01
   3.3476295e-01
   3.3573915e-01
   3.3671534e-01
   3.3769154e-01
   3.3866773e-01
   3.3964393e-01
   3.4062012e-01
   3.4159632e-01
   3.4257251e-01
   3.4354871e-01
   3.4452490e-01
   3.4550110e-01
   3.4647730e-01
   3.4745349e-01
   3.4842969e-01
   3.4940588e-01
   3.5038208e-01
   3.5135827e-01
   3.5233447e-01
   3.5331066e-01
   3.5428686e-01
   3.5526305e-01
   3.5623925e-01
   3.5721544e-01
   3.5819164e-01
   3.5916783e-01
   3.6014403e-01
   3.6112022e-01
   3.6209642e-01
   3.6307261e-01
   3.6404881e-01
   3.6502501e-01
   3.6600120e-01
   3.6697740e-01
   3.6795359e-01
   3.6892979e-01
   3.6990598e-01
   3.7088218e-01
   3.7185837e-01
   3.7283457e-01
   3.7381076e-01
   3.7478696e-01
   3.7576315e-01
   3.7673935e-01
   3.7771554e-01
   3.7869174e-01
   3.7966793e-01
   3.8064413e-01
   3.8162032e-01
   3.8259652e-01
   3.8357271e-01
   3.8454891e-01
   3.8552511e-01
   3.8650130e-01
   3.8747750e-01
   3.8845369e-01
   3.8942989e-01
   3.9040608e-01
   3.9138228e-01
   3.9235847e-01
   3.9333467e-01
   3.9431086e-01
   3.9528706e-01
   3.9626325e-01
   3.9723945e-01
   3.9821564e-01
   3.9919184e-01
   4.0016803e-01
   4.0114423e-01
   4.0212042e-01
   4.0309662e-01
   4.0407281e-01
   4.0504901e-01
   4.0602521e-01
   4.0700140e-01
   4.0797760e-01
   4.0895379e-01
   4.0992999e-01
   4.1090618e-01
   4.1188238e-01
   4.1285857e-01
   4.1383477e-01
   4.1481096e-01
   4.1578716e-01
   4.1676335e-01
   4.1773955e-01
   4.1871574e-01
   4.1969194e-01
   4.2066813e-01
   4.2164433e-01
   4.2262052e-01
   4.2359672e-01
   4.2457291e-01
   4.2554911e-01
   4.2652531e-01
   4.2750150e-01
   4.2847770e-01
   4.2945389e-01
   4.3043009e-01
   4.3140628e-01
   4.3238248e-01
   4.3335867e-01
   4.3433487e-01
   4.3531106e-01
   4.3628726e-01
   4.3726345e-01
   4.3823965e-01
   4.3921584e-01
   4.4019204e-01
   4.4116823e-01
   4.4214443e-01
   4.4312062e-01
   4.4409682e-01
   4.4507301e-01
   4.4604921e-01
   4.4702541e-01
   4.4800160e-01
   4.4897780e-01
   4.4995399e-01
   4.5093019e-01
   4.5190638e-01
   4.5288258e-01
   4.5385877e-01
   4.5483497e-01
   4.5581116e-01
   4.5678736e-01
   4.5776355e-01
   4.5873975e-01
   4.5971594e-01
   4.6069214e-01
   4.6166833e-01
   4.6264453e-01
   4.6362072e-01
   4.6459692e-01
   4.6557311e-01
   4.6654931e-01
   4.6752551e-01
   4.6850170e-01
   4.6947790e-01
   4.7045409e-01
   4.7143029e-01
   4.7240648e-01
   4.7338268e-01
   4.7435887e-01
   4.7533507e-01
   4.7631126e-01
   4.7728746e-01
   4.7826365e-01
   4.7923985e-01
   4.8021604e-01
   4.8119224e-01
   4.8216843e-01
   4.8314463e-01
   4.8412082e-01
   4.8509702e-01
   4.8607321e-01
   4.8704941e-01
   4.8802561e-01
   4.8900180e-01
   4.8997800e-01
   4.9095419e-01
   4.9193039e-01
   4.9290658e-01
   4.9388278e-01
   4.9485897e-01
   4.9583517e-01
   4.9681136e-01
   4.9778756e-01
   4.9876375e-01
   4.9973995e-01
   5.0071614e-01
   5.0169234e-01
   5.0266853e-01
   5.0364473e-01
   5.0462092e-01
   5.0559712e-01
   5.0657331e-01
   5.0754951e-01
   5.0852571e-01
   5.0950190e-01
   5.1047810e-01
   5.1145429e-01
   5.1243049e-01
   5.1340668e-01
   5.1438288e-01
   5.1535907e-01
   5.1633527e-01
   5.1731146e-01
   5.1828766e-01
   5.1926385e-01
   5.2024005e-01
   5.2121624e-01
   5.2219244e-01
   5.2316863e-01
   5.2414483e-01
   5.2512102e-01
   5.2609722e-01
   5.2707341e-01
   5.2804961e-01
   5.2902581e-01
   5.3000200e-01
   5.3097820e-01
   5.3195439e-01
   5.3293059e-01
   5.3390678e-01
   5.3488298e-01
   5.3585917e-01
   5.3683537e-01
   5.3781156e-01
   5.3878776e-01
   5.3976395e-01
   5.4074015e-01
   5.4171634e-01
   5.4269254e-01
   5.4366873e-01
   5.4464493e-01
   5.4562112e-01
   5.4659732e-01
   5.4757351e-01
   5.4854971e-01
   5.4952591e-01
   5.5050210e-01
   5.5147830e-01
   5.5245449e-01
   5.5343069e-01
   5.5440688e-01
   5.5538308e-01
   5.5635927e-01
   5.5733547e-01
   5.5831166e-01
   5.5928786e-01
   5.6026405e-01
   5.6124025e-01
   5.6221644e-01
   5.6319264e-01
   5.6416883e-01
   5.6514503e-01
   5.6612122e-01
   5.6709742e-01
   5.6807361e-01
   5.6904981e-01
   5.7002601e-01
   5.7100220e-01
   5.7197840e-01
   5.7295459e-01
   5.7393079e-01
   5.7490698e-01
   5.7588318e-01
   5.7685937e-01
   5.7783557e-01
   5.7881176e-01
   5.7978796e-01
   5.8076415e-01
   5.8174035e-01
   5.8271654e-01
   5.8369274e-01
   5.8466893e-01
   5.8564513e-01
   5.8662132e-01
   5.8759752e-01
   5.8857371e-01
   5.8954991e-01
   5.9052611e-01
   5.9150230e-01
   5.9247850e-01
   5.9345469e-01
   5.9443089e-01
   5.9540708e-01
   5.9638328e-01
   5.9735947e-01
   5.9833567e-01
   5.9931186e-01
   6.0028806e-01
   6.0126425e-01
   6.0224045e-01
   6.0321664e-01
   6.0419284e-01
   6.0516903e-01
   6.0614523e-01
   6.0712142e-01
   6.0809762e-01
   6.0907381e-01
   6.1005001e-01
   6.1102621e-01
   6.1200240e-01
   6.1297860e-01
   6.1395479e-01
   6.1493099e-01
   6.1590718e-01
   6.1688338e-01
   6.1785957e-01
   6.1883577e-01
   6.1981196e-01
   6.2078816e-01
   6.2176435e-01
   6.2274055e-01
   6.2371674e-01
   6.2469294e-01
   6.2566913e-01
   6.2664533e-01
   6.2762152e-01
   6.2859772e-01
   6.2957391e-01
   6.3055011e-01
   6.3152631e-01
   6.3250250e-01
   6.3347870e-01
   6.3445489e-01
   6.3543109e-01
   6.3640728e-01
   6.3738348e-01
   6.3835967e-01
   6.3933587e-01
   6.4031206e-01
   6.4128826e-01
   6.4226445e-01
   6.4324065e-01
   6.4421684e-01
   6.4519304e-01
   6.4616923e-01
   6.4714543e-01
   6.4812162e-01
   6.4909782e-01
   6.5007401e-01
   6.5105021e-01
   6.5202641e-01
   6.5300260e-01
   6.5397880e-01
   6.5495499e-01
   6.5593119e-01
   6.5690738e-01
   6.5788358e-01
   6.5885977e-01
   6.5983597e-01
   6.6081216e-01
   6.6178836e-01
   6.6276455e-01
   6.6374075e-01
   6.6471694e-01
   6.6569314e-01
   6.6666933e-01
   6.6764553e-01
   6.6862172e-01
   6.6959792e-01
   6.7057411e-01
   6.7155031e-01
   6.7252651e-01
   6.7350270e-01
   6.7447890e-01
   6.7545509e-01
   6.7643129e-01
   6.7740748e-01
   6.7838368e-01
   6.7935987e-01
   6.8033607e-01
   6.8131226e-01
   6.8228846e-01
   6.8326465e-01
   6.8424085e-01
   6.8521704e-01
   6.8619324e-01
   6.8716943e-01
   6.8814563e-01
   6.8912182e-01
   6.9009802e-01
   6.9107421e-01
   6.9205041e-01
   6.9302661e-01
   6.9400280e-01
   6.9497900e-01
   6.9595519e-01
   6.9693139e-01
   6.9790758e-01
   6.9888378e-01
   6.9985997e-01
   7.0083617e-01
   7.0181236e-01
   7.0278856e-01
   7.0376475e-01
   7.0474095e-01
   7.0571714e-01
   7.0669334e-01
   7.0766953e-01
   7.0864573e-01
   7.0962192e-01
   7.1059812e-01
   7.1157431e-01
   7.1255051e-01
   7.1352671e-01
   7.1450290e-01
   7.1547910e-01
   7.1645529e-01
   7.1743149e-01
   7.1840768e-01
   7.1938388e-01
   7.2036007e-01
   7.2133627e-01
   7.2231246e-01
   7.2328866e-01
   7.2426485e-01
   7.2524105e-01
   7.2621724e-01
   7.2719344e-01
   7.2816963e-01
   7.2914583e-01
   7.3012202e-01
   7.3109822e-01
   7.3207441e-01
   7.3305061e-01
   7.3402681e-01
   7.3500300e-01
   7.3597920e-01
   7.3695539e-01
   7.3793159e-01
   7.3890778e-01
   7.3988398e-01
   7.4086017e-01
   7.4183637e-01
   7.4281256e-01
   7.4378876e-01
   7.4476495e-01
   7.4574115e-01
   7.4671734e-01
   7.4769354e-01
   7.4866973e-01
   7.4964593e-01
   7.5062212e-01
   7.5159832e-01
   7.5257451e-01
   7.5355071e-01
   7.5452691e-01
   7.5550310e-01
   7.5647930e-01
   7.5745549e-01
   7.5843169e-01
   7.5940788e-01
   7.6038408e-01
   7.6136027e-01
   7.6233647e-01
   7.6331266e-01
   7.6428886e-01
   7.6526505e-01
   7.6624125e-01
   7.6721744e-01
   7.6819364e-01
   7.6916983e-01
   7.7014603e-01
   7.7112222e-01
   7.7209842e-01
   7.7307461e-01
   7.7405081e-01
   7.7502701e-01
   7.7600320e-01
   7.7697940e-01
   7.7795559e-01
   7.7893179e-01
   7.7990798e-01
   7.8088418e-01
   7.8186037e-01
   7.8283657e-01
   7.8381276e-01
   7.8478896e-01
   7.8576515e-01
   7.8674135e-01
   7.8771754e-01
   7.8869374e-01
   7.8966993e-01
   7.9064613e-01
   7.9162232e-01
   7.9259852e-01
   7.9357471e-01
   7.9455091e-01
   7.9552711e-01
   7.9650330e-01
   7.9747950e-01
   7.9845569e-01
   7.9943189e-01
   8.0040808e-01
   8.0138428e-01
   8.0236047e-01
   8.0333667e-01
   8.0431286e-01
   8.0528906e-01
   8.0626525e-01
   8.0724145e-01
   8.0821764e-01
   8.0919384e-01
   8.1017003e-01
   8.1114623e-01
   8.1212242e-01
   8.1309862e-01
   8.1407481e-01
   8.1505101e-01
   8.1602721e-01
   8.1700340e-01
   8.1797960e-01
   8.1895579e-01
   8.1993199e-01
   8.2090818e-01
   8.2188438e-01
   8.2286057e-01
   8.2383677e-01
   8.2481296e-01
   8.2578916e-01
   8.2676535e-01
   8.2774155e-01
   8.2871774e-01
   8.2969394e-01
   8.3067013e-01
   8.3164633e-01
   8.3262252e-01
   8.3359872e-01
   8.3457491e-01
   8.3555111e-01
   8.3652731e-01
   8.3750350e-01
   8.3847970e-01
   8.3945589e-01
   8.4043209e-01
   8.4140828e-01
   8.4238448e-01
   8.4336067e-01
   8.4433687e-01
   8.4531306e-01
   8.4628926e-01
   8.4726545e-01
   8.4824165e-01
   8.4921784e-01
   8.5019404e-01
   8.5117023e-01
   8.5214643e-01
   8.5312262e-01
   8.5409882e-01
   8.5507502e-01
   8.5605121e-01
   8.5702741e-01
   8.5800360e-01
   8.5897980e-01
   8.5995599e-01
   8.6093219e-01
   8.6190838e-01
   8.6288458e-01
   8.6386077e-01
   8.6483697e-01
   8.6581316e-01
   8.6678936e-01
   8.6776555e-01
   8.6874175e-01
   8.6971794e-01
   8.7069414e-01
   8.7167033e-01
   8.7264653e-01
   8.7362272e-01
   8.7459892e-01
   8.7557512e-01
   8.7655131e-01
   8.7752751e-01
   8.7850370e-01
   8.7947990e-01
   8.8045609e-01
   8.8143229e-01
   8.8240848e-01
   8.8338468e-01
   8.8436087e-01
   8.8533707e-01
   8.8631326e-01
   8.8728946e-01
   8.8826565e-01
   8.8924185e-01
   8.9021804e-01
   8.9119424e-01
   8.9217043e-01
   8.9314663e-01
   8.9412282e-01
   8.9509902e-01
   8.9607522e-01
   8.9705141e-01
   8.9802761e-01
   8.9900380e-01
   8.9998000e-01
   9.0095619e-01
   9.0193239e-01
   9.0290858e-01
   9.0388478e-01
   9.0486097e-01
   9.0583717e-01
   9.0681336e-01
   9.0778956e-01
   9.0876575e-01
   9.0974195e-01
   9.1071814e-01
   9.1169434e-01
   9.1267053e-01
   9.1364673e-01
   9.1462292e-01
   9.1559912e-01
   9.1657532e-01
   9.1755151e-01
   9.1852771e-01
   9.1950390e-01
   9.2048010e-01
   9.2145629e-01
   9.2243249e-01
   9.2340868e-01
   9.2438488e-01
   9.2536107e-01
   9.2633727e-01
   9.2731346e-01
   9.2828966e-01
   9.2926585e-01
   9.3024205e-01
   9.3121824e-01
   9.3219444e-01
   9.3317063e-01
   9.3414683e-01
   9.3512302e-01
   9.3609922e-01
   9.3707542e-01
   9.3805161e-01
   9.3902781e-01
   9.4000400e-01
   9.4098020e-01
   9.4195639e-01
   9.4293259e-01
   9.4390878e-01
   9.4488498e-01
   9.4586117e-01
   9.4683737e-01
   9.4781356e-01
   9.4878976e-01
   9.4976595e-01
   9.5074215e-01
   9.5171834e-01
   9.5269454e-01
   9.5367073e-01
   9.5464693e-01
   9.5562312e-01
   9.5659932e-01
   9.5757552e-01
   9.5855171e-01
   9.5952791e-01
   9.6050410e-01
   9.6148030e-01
   9.6245649e-01
   9.6343269e-01
   9.6440888e-01
   9.6538508e-01
   9.6636127e-01
   9.6733747e-01
   9.6831366e-01
   9.6928986e-01
   9.7026605e-01
   9.7124225e-01
   9.7221844e-01
   9.7319464e-01
   9.7417083e-01
   9.7514703e-01
   9.7612322e-01
   9.7709942e-01
   9.7807562e-01
   9.7905181e-01
   9.8002801e-01
   9.8100420e-01
   9.8198040e-01
   9.8295659e-01
   9.8393279e-01
   9.8490898e-01
   9.8588518e-01
   9.8686137e-01
   9.8783757e-01
   9.8881376e-01
   9.8978996e-01
   9.9076615e-01
   9.9174235e-01
   9.9271854e-01
   9.9369474e-01
   9.9467093e-01
   9.9564713e-01
   9.9662332e-01
   9.9759952e-01
   9.9857572e-01
   9.9955191e-01
   1.0005281e+00
   1.0015043e+00
   1.0024805e+00
   1.0034567e+00
   1.0044329e+00
   1.0054091e+00
   1.0063853e+00
   1.0073615e+00
   1.0083377e+00
   1.0093139e+00
   1.0102901e+00
   1.0112663e+00
   1.0122424e+00
   1.0132186e+00
   1.0141948e+00
   1.0151710e+00
   1.0161472e+00
   1.0171234e+00
   1.0180996e+00
   1.0190758e+00
   1.0200520e+00
   1.0210282e+00
   1.0220044e+00
   1.0229806e+00
   1.0239568e+00
   1.0249330e+00
   1.0259092e+00
   1.0268854e+00
   1.0278616e+00
   1.0288378e+00
   1.0298140e+00
   1.0307902e+00
   1.0317664e+00
   1.0327425e+00
   1.0337187e+00
   1.0346949e+00
   1.0356711e+00
   1.0366473e+00
   1.0376235e+00
   1.0385997e+00
   1.0395759e+00
   1.0405521e+00
   1.0415283e+00
   1.0425045e+00
   1.0434807e+00
   1.0444569e+00
   1.0454331e+00
   1.0464093e+00
   1.0473855e+00
   1.0483617e+00
   1.0493379e+00
   1.0503141e+00
   1.0512903e+00
   1.0522665e+00
   1.0532426e+00
   1.0542188e+00
   1.0551950e+00
   1.0561712e+00
   1.0571474e+00
   1.0581236e+00
   1.0590998e+00
   1.0600760e+00
   1.0610522e+00
   1.0620284e+00
   1.0630046e+00
   1.0639808e+00
   1.0649570e+00
   1.0659332e+00
   1.0669094e+00
   1.0678856e+00
   1.0688618e+00
   1.0698380e+00
   1.0708142e+00
   1.0717904e+00
   1.0727666e+00
   1.0737427e+00
   1.0747189e+00
   1.0756951e+00
   1.0766713e+00
   1.0776475e+00
   1.0786237e+00
   1.0795999e+00
   1.0805761e+00
   1.0815523e+00
   1.0825285e+00
   1.0835047e+00
   1.0844809e+00
   1.0854571e+00
   1.0864333e+00
   1.0874095e+00
   1.0883857e+00
   1.0893619e+00
   1.0903381e+00
   1.0913143e+00
   1.0922905e+00
   1.0932667e+00
   1.0942428e+00
   1.0952190e+00
   1.0961952e+00
   1.0971714e+00
   1.0981476e+00
   1.0991238e+00
   1.1001000e+00
   1.1010762e+00
   1.1020524e+00
   1.1030286e+00
   1.1040048e+00
   1.1049810e+00
   1.1059572e+00
   1.1069334e+00
   1.1079096e+00
   1.1088858e+00
   1.1098620e+00
   1.1108382e+00
   1.1118144e+00
   1.1127906e+00
   1.1137668e+00
   1.1147429e+00
   1.1157191e+00
   1.1166953e+00
   1.1176715e+00
   1.1186477e+00
   1.1196239e+00
   1.1206001e+00
   1.1215763e+00
   1.1225525e+00
   1.1235287e+00
   1.1245049e+00
   1.1254811e+00
   1.1264573e+00
   1.1274335e+00
   1.1284097e+00
   1.1293859e+00
   1.1303621e+00
   1.1313383e+00
   1.1323145e+00
   1.1332907e+00
   1.1342669e+00
   1.1352430e+00
   1.1362192e+00
   1.1371954e+00
   1.1381716e+00
   1.1391478e+00
   1.1401240e+00
   1.1411002e+00
   1.1420764e+00
   1.1430526e+00
   1.1440288e+00
   1.1450050e+00
   1.1459812e+00
   1.1469574e+00
   1.1479336e+00
   1.1489098e+00
   1.1498860e+00
   1.1508622e+00
   1.1518384e+00
   1.1528146e+00
   1.1537908e+00
   1.1547670e+00
   1.1557431e+00
   1.1567193e+00
   1.1576955e+00
   1.1586717e+00
   1.1596479e+00
   1.1606241e+00
   1.1616003e+00
   1.1625765e+00
   1.1635527e+00
   1.1645289e+00
   1.1655051e+00
   1.1664813e+00
   1.1674575e+00
   1.1684337e+00
   1.1694099e+00
   1.1703861e+00
   1.1713623e+00
   1.1723385e+00
   1.1733147e+00
   1.1742909e+00
   1.1752671e+00
   1.1762432e+00
   1.1772194e+00
   1.1781956e+00
   1.1791718e+00
   1.1801480e+00
   1.1811242e+00
   1.1821004e+00
   1.1830766e+00
   1.1840528e+00
   1.1850290e+00
   1.1860052e+00
   1.1869814e+00
   1.1879576e+00
   1.1889338e+00
   1.1899100e+00
   1.1908862e+00
   1.1918624e+00
   1.1928386e+00
   1.1938148e+00
   1.1947910e+00
   1.1957672e+00
   1.1967433e+00
   1.1977195e+00
   1.1986957e+00
   1.1996719e+00
   1.2006481e+00
   1.2016243e+00
   1.2026005e+00
   1.2035767e+00
   1.2045529e+00
   1.2055291e+00
   1.2065053e+00
   1.2074815e+00
   1.2084577e+00
   1.2094339e+00
   1.2104101e+00
   1.2113863e+00
   1.2123625e+00
   1.2133387e+00
   1.2143149e+00
   1.2152911e+00
   1.2162673e+00
   1.2172434e+00
   1.2182196e+00
   1.2191958e+00
   1.2201720e+00
   1.2211482e+00
   1.2221244e+00
   1.2231006e+00
   1.2240768e+00
   1.2250530e+00
   1.2260292e+00
   1.2270054e+00
   1.2279816e+00
   1.2289578e+00
   1.2299340e+00
   1.2309102e+00
   1.2318864e+00
   1.2328626e+00
   1.2338388e+00
   1.2348150e+00
   1.2357912e+00
   1.2367674e+00
   1.2377435e+00
   1.2387197e+00
   1.2396959e+00
   1.2406721e+00
   1.2416483e+00
   1.2426245e+00
   1.2436007e+00
   1.2445769e+00
   1.2455531e+00
   1.2465293e+00
   1.2475055e+00
   1.2484817e+00
   1.2494579e+00
   1.2504341e+00
   1.2514103e+00
   1.2523865e+00
   1.2533627e+00
   1.2543389e+00
   1.2553151e+00
   1.2562913e+00
   1.2572675e+00
   1.2582436e+00
   1.2592198e+00
   1.2601960e+00
   1.2611722e+00
   1.2621484e+00
   1.2631246e+00
   1.2641008e+00
   1.2650770e+00
   1.2660532e+00
   1.2670294e+00
   1.2680056e+00
   1.2689818e+00
   1.2699580e+00
   1.2709342e+00
   1.2719104e+00
   1.2728866e+00
   1.2738628e+00
   1.2748390e+00
   1.2758152e+00
   1.2767914e+00
   1.2777676e+00
   1.2787437e+00
   1.2797199e+00
   1.2806961e+00
   1.2816723e+00
   1.2826485e+00
   1.2836247e+00
   1.2846009e+00
   1.2855771e+00
   1.2865533e+00
   1.2875295e+00
   1.2885057e+00
   1.2894819e+00
   1.2904581e+00
   1.2914343e+00
   1.2924105e+00
   1.2933867e+00
   1.2943629e+00
   1.2953391e+00
   1.2963153e+00
   1.2972915e+00
   1.2982677e+00
   1.2992438e+00
   1.3002200e+00
   1.3011962e+00
   1.3021724e+00
   1.3031486e+00
   1.3041248e+00
   1.3051010e+00
   1.3060772e+00
   1.3070534e+00
   1.3080296e+00
   1.3090058e+00
   1.3099820e+00
   1.3109582e+00
   1.3119344e+00
   1.3129106e+00
   1.3138868e+00
   1.3148630e+00
   1.3158392e+00
   1.3168154e+00
   1.3177916e+00
   1.3187678e+00
   1.3197439e+00
   1.3207201e+00
   1.3216963e+00
   1.3226725e+00
   1.3236487e+00
   1.3246249e+00
   1.3256011e+00
   1.3265773e+00
   1.3275535e+00
   1.3285297e+00
   1.3295059e+00
   1.3304821e+00
   1.3314583e+00
   1.3324345e+00
   1.3334107e+00
   1.3343869e+00
   1.3353631e+00
   1.3363393e+00
   1.3373155e+00
   1.3382917e+00
   1.3392679e+00
   1.3402440e+00
   1.3412202e+00
   1.3421964e+00
   1.3431726e+00
   1.3441488e+00
   1.3451250e+00
   1.3461012e+00
   1.3470774e+00
   1.3480536e+00
   1.3490298e+00
   1.3500060e+00
   1.3509822e+00
   1.3519584e+00
   1.3529346e+00
   1.3539108e+00
   1.3548870e+00
   1.3558632e+00
   1.3568394e+00
   1.3578156e+00
   1.3587918e+00
   1.3597680e+00
   1.3607441e+00
   1.3617203e+00
   1.3626965e+00
   1.3636727e+00
   1.3646489e+00
   1.3656251e+00
   1.3666013e+00
   1.3675775e+00
   1.3685537e+00
   1.3695299e+00
   1.3705061e+00
   1.3714823e+00
   1.3724585e+00
   1.3734347e+00
   1.3744109e+00
   1.3753871e+00
   1.3763633e+00
   1.3773395e+00
   1.3783157e+00
   1.3792919e+00
   1.3802681e+00
   1.3812442e+00
   1.3822204e+00
   1.3831966e+00
   1.3841728e+00
   1.3851490e+00
   1.3861252e+00
   1.3871014e+00
   1.3880776e+00
   1.3890538e+00
   1.3900300e+00
   1.3910062e+00
   1.3919824e+00
   1.3929586e+00
   1.3939348e+00
   1.3949110e+00
   1.3958872e+00
   1.3968634e+00
   1.3978396e+00
   1.3988158e+00
   1.3997920e+00
   1.4007682e+00
   1.4017443e+00
   1.4027205e+00
   1.4036967e+00
   1.4046729e+00
   1.4056491e+00
   1.4066253e+00
   1.4076015e+00
   1.4085777e+00
   1.4095539e+00
   1.4105301e+00
   1.4115063e+00
   1.4124825e+00
   1.4134587e+00
   1.4144349e+00
   1.4154111e+00
   1.4163873e+00
   1.4173635e+00
   1.4183397e+00
   1.4193159e+00
   1.4202921e+00
   1.4212683e+00
   1.4222444e+00
   1.4232206e+00
   1.4241968e+00
   1.4251730e+00
   1.4261492e+00
   1.4271254e+00
   1.4281016e+00
   1.4290778e+00
   1.4300540e+00
   1.4310302e+00
   1.4320064e+00
   1.4329826e+00
   1.4339588e+00
   1.4349350e+00
   1.4359112e+00
   1.4368874e+00
   1.4378636e+00
   1.4388398e+00
   1.4398160e+00
   1.4407922e+00
   1.4417684e+00
   1.4427445e+00
   1.4437207e+00
   1.4446969e+00
   1.4456731e+00
   1.4466493e+00
   1.4476255e+00
   1.4486017e+00
   1.4495779e+00
   1.4505541e+00
   1.4515303e+00
   1.4525065e+00
   1.4534827e+00
   1.4544589e+00
   1.4554351e+00
   1.4564113e+00
   1.4573875e+00
   1.4583637e+00
   1.4593399e+00
   1.4603161e+00
   1.4612923e+00
   1.4622685e+00
   1.4632446e+00
   1.4642208e+00
   1.4651970e+00
   1.4661732e+00
   1.4671494e+00
   1.4681256e+00
   1.4691018e+00
   1.4700780e+00
   1.4710542e+00
   1.4720304e+00
   1.4730066e+00
   1.4739828e+00
   1.4749590e+00
   1.4759352e+00
   1.4769114e+00
   1.4778876e+00
   1.4788638e+00
   1.4798400e+00
   1.4808162e+00
   1.4817924e+00
   1.4827686e+00
   1.4837447e+00
   1.4847209e+00
   1.4856971e+00
   1.4866733e+00
   1.4876495e+00
   1.4886257e+00
   1.4896019e+00
   1.4905781e+00
   1.4915543e+00
   1.4925305e+00
   1.4935067e+00
   1.4944829e+00
   1.4954591e+00
   1.4964353e+00
   1.4974115e+00
   1.4983877e+00
   1.4993639e+00
   1.5003401e+00
   1.5013163e+00
   1.5022925e+00
   1.5032687e+00
   1.5042448e+00
   1.5052210e+00
   1.5061972e+00
   1.5071734e+00
   1.5081496e+00
   1.5091258e+00
   1.5101020e+00
   1.5110782e+00
   1.5120544e+00
   1.5130306e+00
   1.5140068e+00
   1.5149830e+00
   1.5159592e+00
   1.5169354e+00
   1.5179116e+00
   1.5188878e+00
   1.5198640e+00
   1.5208402e+00
   1.5218164e+00
   1.5227926e+00
   1.5237688e+00
   1.5247449e+00
   1.5257211e+00
   1.5266973e+00
   1.5276735e+00
   1.5286497e+00
   1.5296259e+00
   1.5306021e+00
   1.5315783e+00
   1.5325545e+00
   1.5335307e+00
   1.5345069e+00
   1.5354831e+00
   1.5364593e+00
   1.5374355e+00
   1.5384117e+00
   1.5393879e+00
   1.5403641e+00
   1.5413403e+00
   1.5423165e+00
   1.5432927e+00
   1.5442689e+00
   1.5452450e+00
   1.5462212e+00
   1.5471974e+00
   1.5481736e+00
   1.5491498e+00
   1.5501260e+00
   1.5511022e+00
   1.5520784e+00
   1.5530546e+00
   1.5540308e+00
   1.5550070e+00
   1.5559832e+00
   1.5569594e+00
   1.5579356e+00
   1.5589118e+00
   1.5598880e+00
   1.5608642e+00
   1.5618404e+00
   1.5628166e+00
   1.5637928e+00
   1.5647690e+00
   1.5657451e+00
   1.5667213e+00
   1.5676975e+00
   1.5686737e+00
   1.5696499e+00
   1.5706261e+00
   1.5716023e+00
   1.5725785e+00
   1.5735547e+00
   1.5745309e+00
   1.5755071e+00
   1.5764833e+00
   1.5774595e+00
   1.5784357e+00
   1.5794119e+00
   1.5803881e+00
   1.5813643e+00
   1.5823405e+00
   1.5833167e+00
   1.5842929e+00
   1.5852691e+00
   1.5862452e+00
   1.5872214e+00
   1.5881976e+00
   1.5891738e+00
   1.5901500e+00
   1.5911262e+00
   1.5921024e+00
   1.5930786e+00
   1.5940548e+00
   1.5950310e+00
   1.5960072e+00
   1.5969834e+00
   1.5979596e+00
   1.5989358e+00
   1.5999120e+00
   1.6008882e+00
   1.6018644e+00
   1.6028406e+00
   1.6038168e+00
   1.6047930e+00
   1.6057692e+00
   1.6067453e+00
   1.6077215e+00
   1.6086977e+00
   1.6096739e+00
   1.6106501e+00
   1.6116263e+00
   1.6126025e+00
   1.6135787e+00
   1.6145549e+00
   1.6155311e+00
   1.6165073e+00
   1.6174835e+00
   1.6184597e+00
   1.6194359e+00
   1.6204121e+00
   1.6213883e+00
   1.6223645e+00
   1.6233407e+00
   1.6243169e+00
   1.6252931e+00
   1.6262693e+00
   1.6272454e+00
   1.6282216e+00
   1.6291978e+00
   1.6301740e+00
   1.6311502e+00
   1.6321264e+00
   1.6331026e+00
   1.6340788e+00
   1.6350550e+00
   1.6360312e+00
   1.6370074e+00
   1.6379836e+00
   1.6389598e+00
   1.6399360e+00
   1.6409122e+00
   1.6418884e+00
   1.6428646e+00
   1.6438408e+00
   1.6448170e+00
   1.6457932e+00
   1.6467694e+00
   1.6477455e+00
   1.6487217e+00
   1.6496979e+00
   1.6506741e+00
   1.6516503e+00
   1.6526265e+00
   1.6536027e+00
   1.6545789e+00
   1.6555551e+00
   1.6565313e+00
   1.6575075e+00
   1.6584837e+00
   1.6594599e+00
   1.6604361e+00
   1.6614123e+00
   1.6623885e+00
   1.6633647e+00
   1.6643409e+00
   1.6653171e+00
   1.6662933e+00
   1.6672695e+00
   1.6682456e+00
   1.6692218e+00
   1.6701980e+00
   1.6711742e+00
   1.6721504e+00
   1.6731266e+00
   1.6741028e+00
   1.6750790e+00
   1.6760552e+00
   1.6770314e+00
   1.6780076e+00
   1.6789838e+00
   1.6799600e+00
   1.6809362e+00
   1.6819124e+00
   1.6828886e+00
   1.6838648e+00
   1.6848410e+00
   1.6858172e+00
   1.6867934e+00
   1.6877696e+00
   1.6887457e+00
   1.6897219e+00
   1.6906981e+00
   1.6916743e+00
   1.6926505e+00
   1.6936267e+00
   1.6946029e+00
   1.6955791e+00
   1.6965553e+00
   1.6975315e+00
   1.6985077e+00
   1.6994839e+00
   1.7004601e+00
   1.7014363e+00
   1.7024125e+00
   1.7033887e+00
   1.7043649e+00
   1.7053411e+00
   1.7063173e+00
   1.7072935e+00
   1.7082697e+00
   1.7092458e+00
   1.7102220e+00
   1.7111982e+00
   1.7121744e+00
   1.7131506e+00
   1.7141268e+00
   1.7151030e+00
   1.7160792e+00
   1.7170554e+00
   1.7180316e+00
   1.7190078e+00
   1.7199840e+00
   1.7209602e+00
   1.7219364e+00
   1.7229126e+00
   1.7238888e+00
   1.7248650e+00
   1.7258412e+00
   1.7268174e+00
   1.7277936e+00
   1.7287698e+00
   1.7297459e+00
   1.7307221e+00
   1.7316983e+00
   1.7326745e+00
   1.7336507e+00
   1.7346269e+00
   1.7356031e+00
   1.7365793e+00
   1.7375555e+00
   1.7385317e+00
   1.7395079e+00
   1.7404841e+00
   1.7414603e+00
   1.7424365e+00
   1.7434127e+00
   1.7443889e+00
   1.7453651e+00
   1.7463413e+00
   1.7473175e+00
   1.7482937e+00
   1.7492699e+00
   1.7502460e+00
   1.7512222e+00
   1.7521984e+00
   1.7531746e+00
   1.7541508e+00
   1.7551270e+00
   1.7561032e+00
   1.7570794e+00
   1.7580556e+00
   1.7590318e+00
   1.7600080e+00
   1.7609842e+00
   1.7619604e+00
   1.7629366e+00
   1.7639128e+00
   1.7648890e+00
   1.7658652e+00
   1.7668414e+00
   1.7678176e+00
   1.7687938e+00
   1.7697700e+00
   1.7707461e+00
   1.7717223e+00
   1.7726985e+00
   1.7736747e+00
   1.7746509e+00
   1.7756271e+00
   1.7766033e+00
   1.7775795e+00
   1.7785557e+00
   1.7795319e+00
   1.7805081e+00
   1.7814843e+00
   1.7824605e+00
   1.7834367e+00
   1.7844129e+00
   1.7853891e+00
   1.7863653e+00
   1.7873415e+00
   1.7883177e+00
   1.7892939e+00
   1.7902701e+00
   1.7912462e+00
   1.7922224e+00
   1.7931986e+00
   1.7941748e+00
   1.7951510e+00
   1.7961272e+00
   1.7971034e+00
   1.7980796e+00
   1.7990558e+00
   1.8000320e+00
   1.8010082e+00
   1.8019844e+00
   1.8029606e+00
   1.8039368e+00
   1.8049130e+00
   1.8058892e+00
   1.8068654e+00
   1.8078416e+00
   1.8088178e+00
   1.8097940e+00
   1.8107702e+00
   1.8117463e+00
   1.8127225e+00
   1.8136987e+00
   1.8146749e+00
   1.8156511e+00
   1.8166273e+00
   1.8176035e+00
   1.8185797e+00
   1.8195559e+00
   1.8205321e+00
   1.8215083e+00
   1.8224845e+00
   1.8234607e+00
   1.8244369e+00
   1.8254131e+00
   1.8263893e+00
   1.8273655e+00
   1.8283417e+00
   1.8293179e+00
   1.8302941e+00
   1.8312703e+00
   1.8322464e+00
   1.8332226e+00
   1.8341988e+00
   1.8351750e+00
   1.8361512e+00
   1.8371274e+00
   1.8381036e+00
   1.8390798e+00
   1.8400560e+00
   1.8410322e+00
   1.8420084e+00
   1.8429846e+00
   1.8439608e+00
   1.8449370e+00
   1.8459132e+00
   1.8468894e+00
   1.8478656e+00
   1.8488418e+00
   1.8498180e+00
   1.8507942e+00
   1.8517704e+00
   1.8527465e+00
   1.8537227e+00
   1.8546989e+00
   1.8556751e+00
   1.8566513e+00
   1.8576275e+00
   1.8586037e+00
   1.8595799e+00
   1.8605561e+00
   1.8615323e+00
   1.8625085e+00
   1.8634847e+00
   1.8644609e+00
   1.8654371e+00
   1.8664133e+00
   1.8673895e+00
   1.8683657e+00
   1.8693419e+00
   1.8703181e+00
   1.8712943e+00
   1.8722705e+00
   1.8732466e+00
   1.8742228e+00
   1.8751990e+00
   1.8761752e+00
   1.8771514e+00
   1.8781276e+00
   1.8791038e+00
   1.8800800e+00
   1.8810562e+00
   1.8820324e+00
   1.8830086e+00
   1.8839848e+00
   1.8849610e+00
   1.8859372e+00
   1.8869134e+00
   1.8878896e+00
   1.8888658e+00
   1.8898420e+00
   1.8908182e+00
   1.8917944e+00
   1.8927706e+00
   1.8937467e+00
   1.8947229e+00
   1.8956991e+00
   1.8966753e+00
   1.8976515e+00
   1.8986277e+00
   1.8996039e+00
   1.9005801e+00
   1.9015563e+00
   1.9025325e+00
   1.9035087e+00
   1.9044849e+00
   1.9054611e+00
   1.9064373e+00
   1.9074135e+00
   1.9083897e+00
   1.9093659e+00
   1.9103421e+00
   1.9113183e+00
   1.9122945e+00
   1.9132707e+00
   1.9142468e+00
   1.9152230e+00
   1.9161992e+00
   1.9171754e+00
   1.9181516e+00
   1.9191278e+00
   1.9201040e+00
   1.9210802e+00
   1.9220564e+00
   1.9230326e+00
   1.9240088e+00
   1.9249850e+00
   1.9259612e+00
   1.9269374e+00
   1.9279136e+00
   1.9288898e+00
   1.9298660e+00
   1.9308422e+00
   1.9318184e+00
   1.9327946e+00
   1.9337708e+00
   1.9347469e+00
   1.9357231e+00
   1.9366993e+00
   1.9376755e+00
   1.9386517e+00
   1.9396279e+00
   1.9406041e+00
   1.9415803e+00
   1.9425565e+00
   1.9435327e+00
   1.9445089e+00
   1.9454851e+00
   1.9464613e+00
   1.9474375e+00
   1.9484137e+00
   1.9493899e+00
   1.9503661e+00
   1.9513423e+00
   1.9523185e+00
   1.9532947e+00
   1.9542709e+00
   1.9552470e+00
   1.9562232e+00
   1.9571994e+00
   1.9581756e+00
   1.9591518e+00
   1.9601280e+00
   1.9611042e+00
   1.9620804e+00
   1.9630566e+00
   1.9640328e+00
   1.9650090e+00
   1.9659852e+00
   1.9669614e+00
   1.9679376e+00
   1.9689138e+00
   1.9698900e+00
   1.9708662e+00
   1.9718424e+00
   1.9728186e+00
   1.9737948e+00
   1.9747710e+00
   1.9757471e+00
   1.9767233e+00
   1.9776995e+00
   1.9786757e+00
   1.9796519e+00
   1.9806281e+00
   1.9816043e+00
   1.9825805e+00
   1.9835567e+00
   1.9845329e+00
   1.9855091e+00
   1.9864853e+00
   1.9874615e+00
   1.9884377e+00
   1.9894139e+00
   1.9903901e+00
   1.9913663e+00
   1.9923425e+00
   1.9933187e+00
   1.9942949e+00
   1.9952711e+00
   1.9962472e+00
   1.9972234e+00
   1.9981996e+00
   1.9991758e+00
   2.0001520e+00
   2.0011282e+00
   2.0021044e+00
   2.0030806e+00
   2.0040568e+00
   2.0050330e+00
   2.0060092e+00
   2.0069854e+00
   2.0079616e+00
   2.0089378e+00
   2.0099140e+00
   2.0108902e+00
   2.0118664e+00
   2.0128426e+00
   2.0138188e+00
   2.0147950e+00
   2.0157712e+00
   2.0167473e+00
   2.0177235e+00
   2.0186997e+00
   2.0196759e+00
   2.0206521e+00
   2.0216283e+00
   2.0226045e+00
   2.0235807e+00
   2.0245569e+00
   2.0255331e+00
   2.0265093e+00
   2.0274855e+00
   2.0284617e+00
   2.0294379e+00
   2.0304141e+00
   2.0313903e+00
   2.0323665e+00
   2.0333427e+00
   2.0343189e+00
   2.0352951e+00
   2.0362713e+00
   2.0372474e+00
   2.0382236e+00
   2.0391998e+00
   2.0401760e+00
   2.0411522e+00
   2.0421284e+00
   2.0431046e+00
   2.0440808e+00
   2.0450570e+00
   2.0460332e+00
   2.0470094e+00
   2.0479856e+00
   2.0489618e+00
   2.0499380e+00
   2.0509142e+00
   2.0518904e+00
   2.0528666e+00
   2.0538428e+00
   2.0548190e+00
   2.0557952e+00
   2.0567714e+00
   2.0577475e+00
   2.0587237e+00
   2.0596999e+00
   2.0606761e+00
   2.0616523e+00
   2.0626285e+00
   2.0636047e+00
   2.0645809e+00
   2.0655571e+00
   2.0665333e+00
   2.0675095e+00
   2.0684857e+00
   2.0694619e+00
   2.0704381e+00
   2.0714143e+00
   2.0723905e+00
   2.0733667e+00
   2.0743429e+00
   2.0753191e+00
   2.0762953e+00
   2.0772715e+00
   2.0782476e+00
   2.0792238e+00
   2.0802000e+00
   2.0811762e+00
   2.0821524e+00
   2.0831286e+00
   2.0841048e+00
   2.0850810e+00
   2.0860572e+00
   2.0870334e+00
   2.0880096e+00
   2.0889858e+00
   2.0899620e+00
   2.0909382e+00
   2.0919144e+00
   2.0928906e+00
   2.0938668e+00
   2.0948430e+00
   2.0958192e+00
   2.0967954e+00
   2.0977716e+00
   2.0987477e+00
   2.0997239e+00
   2.1007001e+00
   2.1016763e+00
   2.1026525e+00
   2.1036287e+00
   2.1046049e+00
   2.1055811e+00
   2.1065573e+00
   2.1075335e+00
   2.1085097e+00
   2.1094859e+00
   2.1104621e+00
   2.1114383e+00
   2.1124145e+00
   2.1133907e+00
   2.1143669e+00
   2.1153431e+00
   2.1163193e+00
   2.1172955e+00
   2.1182717e+00
   2.1192478e+00
   2.1202240e+00
   2.1212002e+00
   2.1221764e+00
   2.1231526e+00
   2.1241288e+00
   2.1251050e+00
   2.1260812e+00
   2.1270574e+00
   2.1280336e+00
   2.1290098e+00
   2.1299860e+00
   2.1309622e+00
   2.1319384e+00
   2.1329146e+00
   2.1338908e+00
   2.1348670e+00
   2.1358432e+00
   2.1368194e+00
   2.1377956e+00
   2.1387718e+00
   2.1397479e+00
   2.1407241e+00
   2.1417003e+00
   2.1426765e+00
   2.1436527e+00
   2.1446289e+00
   2.1456051e+00
   2.1465813e+00
   2.1475575e+00
   2.1485337e+00
   2.1495099e+00
   2.1504861e+00
   2.1514623e+00
   2.1524385e+00
   2.1534147e+00
   2.1543909e+00
   2.1553671e+00
   2.1563433e+00
   2.1573195e+00
   2.1582957e+00
   2.1592719e+00
   2.1602480e+00
   2.1612242e+00
   2.1622004e+00
   2.1631766e+00
   2.1641528e+00
   2.1651290e+00
   2.1661052e+00
   2.1670814e+00
   2.1680576e+00
   2.1690338e+00
   2.1700100e+00
   2.1709862e+00
   2.1719624e+00
   2.1729386e+00
   2.1739148e+00
   2.1748910e+00
   2.1758672e+00
   2.1768434e+00
   2.1778196e+00
   2.1787958e+00
   2.1797720e+00
   2.1807481e+00
   2.1817243e+00
   2.1827005e+00
   2.1836767e+00
   2.1846529e+00
   2.1856291e+00
   2.1866053e+00
   2.1875815e+00
   2.1885577e+00
   2.1895339e+00
   2.1905101e+00
   2.1914863e+00
   2.1924625e+00
   2.1934387e+00
   2.1944149e+00
   2.1953911e+00
   2.1963673e+00
   2.1973435e+00
   2.1983197e+00
   2.1992959e+00
   2.2002721e+00
   2.2012482e+00
   2.2022244e+00
   2.2032006e+00
   2.2041768e+00
   2.2051530e+00
   2.2061292e+00
   2.2071054e+00
   2.2080816e+00
   2.2090578e+00
   2.2100340e+00
   2.2110102e+00
   2.2119864e+00
   2.2129626e+00
   2.2139388e+00
   2.2149150e+00
   2.2158912e+00
   2.2168674e+00
   2.2178436e+00
   2.2188198e+00
   2.2197960e+00
   2.2207722e+00
   2.2217483e+00
   2.2227245e+00
   2.2237007e+00
   2.2246769e+00
   2.2256531e+00
   2.2266293e+00
   2.2276055e+00
   2.2285817e+00
   2.2295579e+00
   2.2305341e+00
   2.2315103e+00
   2.2324865e+00
   2.2334627e+00
   2.2344389e+00
   2.2354151e+00
   2.2363913e+00
   2.2373675e+00
   2.2383437e+00
   2.2393199e+00
   2.2402961e+00
   2.2412723e+00
   2.2422484e+00
   2.2432246e+00
   2.2442008e+00
   2.2451770e+00
   2.2461532e+00
   2.2471294e+00
   2.2481056e+00
   2.2490818e+00
   2.2500580e+00
   2.2510342e+00
   2.2520104e+00
   2.2529866e+00
   2.2539628e+00
   2.2549390e+00
   2.2559152e+00
   2.2568914e+00
   2.2578676e+00
   2.2588438e+00
   2.2598200e+00
   2.2607962e+00
   2.2617724e+00
   2.2627485e+00
   2.2637247e+00
   2.2647009e+00
   2.2656771e+00
   2.2666533e+00
   2.2676295e+00
   2.2686057e+00
   2.2695819e+00
   2.2705581e+00
   2.2715343e+00
   2.2725105e+00
   2.2734867e+00
   2.2744629e+00
   2.2754391e+00
   2.2764153e+00
   2.2773915e+00
   2.2783677e+00
   2.2793439e+00
   2.2803201e+00
   2.2812963e+00
   2.2822725e+00
   2.2832486e+00
   2.2842248e+00
   2.2852010e+00
   2.2861772e+00
   2.2871534e+00
   2.2881296e+00
   2.2891058e+00
   2.2900820e+00
   2.2910582e+00
   2.2920344e+00
   2.2930106e+00
   2.2939868e+00
   2.2949630e+00
   2.2959392e+00
   2.2969154e+00
   2.2978916e+00
   2.2988678e+00
   2.2998440e+00
   2.3008202e+00
   2.3017964e+00
   2.3027726e+00
   2.3037487e+00
   2.3047249e+00
   2.3057011e+00
   2.3066773e+00
   2.3076535e+00
   2.3086297e+00
   2.3096059e+00
   2.3105821e+00
   2.3115583e+00
   2.3125345e+00
   2.3135107e+00
   2.3144869e+00
   2.3154631e+00
   2.3164393e+00
   2.3174155e+00
   2.3183917e+00
   2.3193679e+00
   2.3203441e+00
   2.3213203e+00
   2.3222965e+00
   2.3232727e+00
   2.3242488e+00
   2.3252250e+00
   2.3262012e+00
   2.3271774e+00
   2.3281536e+00
   2.3291298e+00
   2.3301060e+00
   2.3310822e+00
   2.3320584e+00
   2.3330346e+00
   2.3340108e+00
   2.3349870e+00
   2.3359632e+00
   2.3369394e+00
   2.3379156e+00
   2.3388918e+00
   2.3398680e+00
   2.3408442e+00
   2.3418204e+00
   2.3427966e+00
   2.3437728e+00
   2.3447489e+00
   2.3457251e+00
   2.3467013e+00
   2.3476775e+00
   2.3486537e+00
   2.3496299e+00
   2.3506061e+00
   2.3515823e+00
   2.3525585e+00
   2.3535347e+00
   2.3545109e+00
   2.3554871e+00
   2.3564633e+00
   2.3574395e+00
   2.3584157e+00
   2.3593919e+00
   2.3603681e+00
   2.3613443e+00
   2.3623205e+00
   2.3632967e+00
   2.3642729e+00
   2.3652490e+00
   2.3662252e+00
   2.3672014e+00
   2.3681776e+00
   2.3691538e+00
   2.3701300e+00
   2.3711062e+00
   2.3720824e+00
   2.3730586e+00
   2.3740348e+00
   2.3750110e+00
   2.3759872e+00
   2.3769634e+00
   2.3779396e+00
   2.3789158e+00
   2.3798920e+00
   2.3808682e+00
   2.3818444e+00
   2.3828206e+00
   2.3837968e+00
   2.3847730e+00
   2.3857491e+00
   2.3867253e+00
   2.3877015e+00
   2.3886777e+00
   2.3896539e+00
   2.3906301e+00
   2.3916063e+00
   2.3925825e+00
   2.3935587e+00
   2.3945349e+00
   2.3955111e+00
   2.3964873e+00
   2.3974635e+00
   2.3984397e+00
   2.3994159e+00
   2.4003921e+00
   2.4013683e+00
   2.4023445e+00
   2.4033207e+00
   2.4042969e+00
   2.4052731e+00
   2.4062492e+00
   2.4072254e+00
   2.4082016e+00
   2.4091778e+00
   2.4101540e+00
   2.4111302e+00
   2.4121064e+00
   2.4130826e+00
   2.4140588e+00
   2.4150350e+00
   2.4160112e+00
   2.4169874e+00
   2.4179636e+00
   2.4189398e+00
   2.4199160e+00
   2.4208922e+00
   2.4218684e+00
   2.4228446e+00
   2.4238208e+00
   2.4247970e+00
   2.4257732e+00
   2.4267493e+00
   2.4277255e+00
   2.4287017e+00
   2.4296779e+00
   2.4306541e+00
   2.4316303e+00
   2.4326065e+00
   2.4335827e+00
   2.4345589e+00
   2.4355351e+00
   2.4365113e+00
   2.4374875e+00
   2.4384637e+00
   2.4394399e+00
   2.4404161e+00
   2.4413923e+00
   2.4423685e+00
   2.4433447e+00
   2.4443209e+00
   2.4452971e+00
   2.4462733e+00
   2.4472494e+00
   2.4482256e+00
   2.4492018e+00
   2.4501780e+00
   2.4511542e+00
   2.4521304e+00
   2.4531066e+00
   2.4540828e+00
   2.4550590e+00
   2.4560352e+00
   2.4570114e+00
   2.4579876e+00
   2.4589638e+00
   2.4599400e+00
   2.4609162e+00
   2.4618924e+00
   2.4628686e+00
   2.4638448e+00
   2.4648210e+00
   2.4657972e+00
   2.4667734e+00
   2.4677495e+00
   2.4687257e+00
   2.4697019e+00
   2.4706781e+00
   2.4716543e+00
   2.4726305e+00
   2.4736067e+00
   2.4745829e+00
   2.4755591e+00
   2.4765353e+00
   2.4775115e+00
   2.4784877e+00
   2.4794639e+00
   2.4804401e+00
   2.4814163e+00
   2.4823925e+00
   2.4833687e+00
   2.4843449e+00
   2.4853211e+00
   2.4862973e+00
   2.4872735e+00
   2.4882496e+00
   2.4892258e+00
   2.4902020e+00
   2.4911782e+00
   2.4921544e+00
   2.4931306e+00
   2.4941068e+00
   2.4950830e+00
   2.4960592e+00
   2.4970354e+00
   2.4980116e+00
   2.4989878e+00
   2.4999640e+00
   2.5009402e+00
   2.5019164e+00
   2.5028926e+00
   2.5038688e+00
   2.5048450e+00
   2.5058212e+00
   2.5067974e+00
   2.5077736e+00
   2.5087497e+00
   2.5097259e+00
   2.5107021e+00
   2.5116783e+00
   2.5126545e+00
   2.5136307e+00
   2.5146069e+00
   2.5155831e+00
   2.5165593e+00
   2.5175355e+00
   2.5185117e+00
   2.5194879e+00
   2.5204641e+00
   2.5214403e+00
   2.5224165e+00
   2.5233927e+00
   2.5243689e+00
   2.5253451e+00
   2.5263213e+00
   2.5272975e+00
   2.5282737e+00
   2.5292498e+00
   2.5302260e+00
   2.5312022e+00
   2.5321784e+00
   2.5331546e+00
   2.5341308e+00
   2.5351070e+00
   2.5360832e+00
   2.5370594e+00
   2.5380356e+00
   2.5390118e+00
   2.5399880e+00
   2.5409642e+00
   2.5419404e+00
   2.5429166e+00
   2.5438928e+00
   2.5448690e+00
   2.5458452e+00
   2.5468214e+00
   2.5477976e+00
   2.5487738e+00
   2.5497499e+00
   2.5507261e+00
   2.5517023e+00
   2.5526785e+00
   2.5536547e+00
   2.5546309e+00
   2.5556071e+00
   2.5565833e+00
   2.5575595e+00
   2.5585357e+00
   2.5595119e+00
   2.5604881e+00
   2.5614643e+00
   2.5624405e+00
   2.5634167e+00
   2.5643929e+00
   2.5653691e+00
   2.5663453e+00
   2.5673215e+00
   2.5682977e+00
   2.5692739e+00
   2.5702501e+00
   2.5712262e+00
   2.5722024e+00
   2.5731786e+00
   2.5741548e+00
   2.5751310e+00
   2.5761072e+00
   2.5770834e+00
   2.5780596e+00
   2.5790358e+00
   2.5800120e+00
   2.5809882e+00
   2.5819644e+00
   2.5829406e+00
   2.5839168e+00
   2.5848930e+00
   2.5858692e+00
   2.5868454e+00
   2.5878216e+00
   2.5887978e+00
   2.5897740e+00
   2.5907502e+00
   2.5917263e+00
   2.5927025e+00
   2.5936787e+00
   2.5946549e+00
   2.5956311e+00
   2.5966073e+00
   2.5975835e+00
   2.5985597e+00
   2.5995359e+00
   2.6005121e+00
   2.6014883e+00
   2.6024645e+00
   2.6034407e+00
   2.6044169e+00
   2.6053931e+00
   2.6063693e+00
   2.6073455e+00
   2.6083217e+00
   2.6092979e+00
   2.6102741e+00
   2.6112503e+00
   2.6122264e+00
   2.6132026e+00
   2.6141788e+00
   2.6151550e+00
   2.6161312e+00
   2.6171074e+00
   2.6180836e+00
   2.6190598e+00
   2.6200360e+00
   2.6210122e+00
   2.6219884e+00
   2.6229646e+00
   2.6239408e+00
   2.6249170e+00
   2.6258932e+00
   2.6268694e+00
   2.6278456e+00
   2.6288218e+00
   2.6297980e+00
   2.6307742e+00
   2.6317504e+00
   2.6327265e+00
   2.6337027e+00
   2.6346789e+00
   2.6356551e+00
   2.6366313e+00
   2.6376075e+00
   2.6385837e+00
   2.6395599e+00
   2.6405361e+00
   2.6415123e+00
   2.6424885e+00
   2.6434647e+00
   2.6444409e+00
   2.6454171e+00
   2.6463933e+00
   2.6473695e+00
   2.6483457e+00
   2.6493219e+00
   2.6502981e+00
   2.6512743e+00
   2.6522505e+00
   2.6532266e+00
   2.6542028e+00
   2.6551790e+00
   2.6561552e+00
   2.6571314e+00
   2.6581076e+00
   2.6590838e+00
   2.6600600e+00
   2.6610362e+00
   2.6620124e+00
   2.6629886e+00
   2.6639648e+00
   2.6649410e+00
   2.6659172e+00
   2.6668934e+00
   2.6678696e+00
   2.6688458e+00
   2.6698220e+00
   2.6707982e+00
   2.6717744e+00
   2.6727506e+00
   2.6737267e+00
   2.6747029e+00
   2.6756791e+00
   2.6766553e+00
   2.6776315e+00
   2.6786077e+00
   2.6795839e+00
   2.6805601e+00
   2.6815363e+00
   2.6825125e+00
   2.6834887e+00
   2.6844649e+00
   2.6854411e+00
   2.6864173e+00
   2.6873935e+00
   2.6883697e+00
   2.6893459e+00
   2.6903221e+00
   2.6912983e+00
   2.6922745e+00
   2.6932507e+00
   2.6942268e+00
   2.6952030e+00
   2.6961792e+00
   2.6971554e+00
   2.6981316e+00
   2.6991078e+00
   2.7000840e+00
   2.7010602e+00
   2.7020364e+00
   2.7030126e+00
   2.7039888e+00
   2.7049650e+00
   2.7059412e+00
   2.7069174e+00
   2.7078936e+00
   2.7088698e+00
   2.7098460e+00
   2.7108222e+00
   2.7117984e+00
   2.7127746e+00
   2.7137508e+00
   2.7147269e+00
   2.7157031e+00
   2.7166793e+00
   2.7176555e+00
   2.7186317e+00
   2.7196079e+00
   2.7205841e+00
   2.7215603e+00
   2.7225365e+00
   2.7235127e+00
   2.7244889e+00
   2.7254651e+00
   2.7264413e+00
   2.7274175e+00
   2.7283937e+00
   2.7293699e+00
   2.7303461e+00
   2.7313223e+00
   2.7322985e+00
   2.7332747e+00
   2.7342509e+00
   2.7352270e+00
   2.7362032e+00
   2.7371794e+00
   2.7381556e+00
   2.7391318e+00
   2.7401080e+00
   2.7410842e+00
   2.7420604e+00
   2.7430366e+00
   2.7440128e+00
   2.7449890e+00
   2.7459652e+00
   2.7469414e+00
   2.7479176e+00
   2.7488938e+00
   2.7498700e+00
   2.7508462e+00
   2.7518224e+00
   2.7527986e+00
   2.7537748e+00
   2.7547510e+00
   2.7557271e+00
   2.7567033e+00
   2.7576795e+00
   2.7586557e+00
   2.7596319e+00
   2.7606081e+00
   2.7615843e+00
   2.7625605e+00
   2.7635367e+00
   2.7645129e+00
   2.7654891e+00
   2.7664653e+00
   2.7674415e+00
   2.7684177e+00
   2.7693939e+00
   2.7703701e+00
   2.7713463e+00
   2.7723225e+00
   2.7732987e+00
   2.7742749e+00
   2.7752511e+00
   2.7762272e+00
   2.7772034e+00
   2.7781796e+00
   2.7791558e+00
   2.7801320e+00
   2.7811082e+00
   2.7820844e+00
   2.7830606e+00
   2.7840368e+00
   2.7850130e+00
   2.7859892e+00
   2.7869654e+00
   2.7879416e+00
   2.7889178e+00
   2.7898940e+00
   2.7908702e+00
   2.7918464e+00
   2.7928226e+00
   2.7937988e+00
   2.7947750e+00
   2.7957512e+00
   2.7967273e+00
   2.7977035e+00
   2.7986797e+00
   2.7996559e+00
   2.8006321e+00
   2.8016083e+00
   2.8025845e+00
   2.8035607e+00
   2.8045369e+00
   2.8055131e+00
   2.8064893e+00
   2.8074655e+00
   2.8084417e+00
   2.8094179e+00
   2.8103941e+00
   2.8113703e+00
   2.8123465e+00
   2.8133227e+00
   2.8142989e+00
   2.8152751e+00
   2.8162513e+00
   2.8172274e+00
   2.8182036e+00
   2.8191798e+00
   2.8201560e+00
   2.8211322e+00
   2.8221084e+00
   2.8230846e+00
   2.8240608e+00
   2.8250370e+00
   2.8260132e+00
   2.8269894e+00
   2.8279656e+00
   2.8289418e+00
   2.8299180e+00
   2.8308942e+00
   2.8318704e+00
   2.8328466e+00
   2.8338228e+00
   2.8347990e+00
   2.8357752e+00
   2.8367514e+00
   2.8377275e+00
   2.8387037e+00
   2.8396799e+00
   2.8406561e+00
   2.8416323e+00
   2.8426085e+00
   2.8435847e+00
   2.8445609e+00
   2.8455371e+00
   2.8465133e+00
   2.8474895e+00
   2.8484657e+00
   2.8494419e+00
   2.8504181e+00
   2.8513943e+00
   2.8523705e+00
   2.8533467e+00
   2.8543229e+00
   2.8552991e+00
   2.8562753e+00
   2.8572515e+00
   2.8582276e+00
   2.8592038e+00
   2.8601800e+00
   2.8611562e+00
   2.8621324e+00
   2.8631086e+00
   2.8640848e+00
   2.8650610e+00
   2.8660372e+00
   2.8670134e+00
   2.8679896e+00
   2.8689658e+00
   2.8699420e+00
   2.8709182e+00
   2.8718944e+00
   2.8728706e+00
   2.8738468e+00
   2.8748230e+00
   2.8757992e+00
   2.8767754e+00
   2.8777516e+00
   2.8787277e+00
   2.8797039e+00
   2.8806801e+00
   2.8816563e+00
   2.8826325e+00
   2.8836087e+00
   2.8845849e+00
   2.8855611e+00
   2.8865373e+00
   2.8875135e+00
   2.8884897e+00
   2.8894659e+00
   2.8904421e+00
   2.8914183e+00
   2.8923945e+00
   2.8933707e+00
   2.8943469e+00
   2.8953231e+00
   2.8962993e+00
   2.8972755e+00
   2.8982517e+00
   2.8992278e+00
   2.9002040e+00
   2.9011802e+00
   2.9021564e+00
   2.9031326e+00
   2.9041088e+00
   2.9050850e+00
   2.9060612e+00
   2.9070374e+00
   2.9080136e+00
   2.9089898e+00
   2.9099660e+00
   2.9109422e+00
   2.9119184e+00
   2.9128946e+00
   2.9138708e+00
   2.9148470e+00
   2.9158232e+00
   2.9167994e+00
   2.9177756e+00
   2.9187518e+00
   2.9197279e+00
   2.9207041e+00
   2.9216803e+00
   2.9226565e+00
   2.9236327e+00
   2.9246089e+00
   2.9255851e+00
   2.9265613e+00
   2.9275375e+00
   2.9285137e+00
   2.9294899e+00
   2.9304661e+00
   2.9314423e+00
   2.9324185e+00
   2.9333947e+00
   2.9343709e+00
   2.9353471e+00
   2.9363233e+00
   2.9372995e+00
   2.9382757e+00
   2.9392519e+00
   2.9402280e+00
   2.9412042e+00
   2.9421804e+00
   2.9431566e+00
   2.9441328e+00
   2.9451090e+00
   2.9460852e+00
   2.9470614e+00
   2.9480376e+00
   2.9490138e+00
   2.9499900e+00
   2.9509662e+00
   2.9519424e+00
   2.9529186e+00
   2.9538948e+00
   2.9548710e+00
   2.9558472e+00
   2.9568234e+00
   2.9577996e+00
   2.9587758e+00
   2.9597520e+00
   2.9607281e+00
   2.9617043e+00
   2.9626805e+00
   2.9636567e+00
   2.9646329e+00
   2.9656091e+00
   2.9665853e+00
   2.9675615e+00
   2.9685377e+00
   2.9695139e+00
   2.9704901e+00
   2.9714663e+00
   2.9724425e+00
   2.9734187e+00
   2.9743949e+00
   2.9753711e+00
   2.9763473e+00
   2.9773235e+00
   2.9782997e+00
   2.9792759e+00
   2.9802521e+00
   2.9812282e+00
   2.9822044e+00
   2.9831806e+00
   2.9841568e+00
   2.9851330e+00
   2.9861092e+00
   2.9870854e+00
   2.9880616e+00
   2.9890378e+00
   2.9900140e+00
   2.9909902e+00
   2.9919664e+00
   2.9929426e+00
   2.9939188e+00
   2.9948950e+00
   2.9958712e+00
   2.9968474e+00
   2.9978236e+00
   2.9987998e+00
   2.9997760e+00
   3.0007522e+00
   3.0017283e+00
   3.0027045e+00
   3.0036807e+00
   3.0046569e+00
   3.0056331e+00
   3.0066093e+00
   3.0075855e+00
   3.0085617e+00
   3.0095379e+00
   3.0105141e+00
   3.0114903e+00
   3.0124665e+00
   3.0134427e+00
   3.0144189e+00
   3.0153951e+00
   3.0163713e+00
   3.0173475e+00
   3.0183237e+00
   3.0192999e+00
   3.0202761e+00
   3.0212523e+00
   3.0222284e+00
   3.0232046e+00
   3.0241808e+00
   3.0251570e+00
   3.0261332e+00
   3.0271094e+00
   3.0280856e+00
   3.0290618e+00
   3.0300380e+00
   3.0310142e+00
   3.0319904e+00
   3.0329666e+00
   3.0339428e+00
   3.0349190e+00
   3.0358952e+00
   3.0368714e+00
   3.0378476e+00
   3.0388238e+00
   3.0398000e+00
   3.0407762e+00
   3.0417524e+00
   3.0427285e+00
   3.0437047e+00
   3.0446809e+00
   3.0456571e+00
   3.0466333e+00
   3.0476095e+00
   3.0485857e+00
   3.0495619e+00
   3.0505381e+00
   3.0515143e+00
   3.0524905e+00
   3.0534667e+00
   3.0544429e+00
   3.0554191e+00
   3.0563953e+00
   3.0573715e+00
   3.0583477e+00
   3.0593239e+00
   3.0603001e+00
   3.0612763e+00
   3.0622525e+00
   3.0632286e+00
   3.0642048e+00
   3.0651810e+00
   3.0661572e+00
   3.0671334e+00
   3.0681096e+00
   3.0690858e+00
   3.0700620e+00
   3.0710382e+00
   3.0720144e+00
   3.0729906e+00
   3.0739668e+00
   3.0749430e+00
   3.0759192e+00
   3.0768954e+00
   3.0778716e+00
   3.0788478e+00
   3.0798240e+00
   3.0808002e+00
   3.0817764e+00
   3.0827526e+00
   3.0837287e+00
   3.0847049e+00
   3.0856811e+00
   3.0866573e+00
   3.0876335e+00
   3.0886097e+00
   3.0895859e+00
   3.0905621e+00
   3.0915383e+00
   3.0925145e+00
   3.0934907e+00
   3.0944669e+00
   3.0954431e+00
   3.0964193e+00
   3.0973955e+00
   3.0983717e+00
   3.0993479e+00
   3.1003241e+00
   3.1013003e+00
   3.1022765e+00
   3.1032527e+00
   3.1042288e+00
   3.1052050e+00
   3.1061812e+00
   3.1071574e+00
   3.1081336e+00
   3.1091098e+00
   3.1100860e+00
   3.1110622e+00
   3.1120384e+00
   3.1130146e+00
   3.1139908e+00
   3.1149670e+00
   3.1159432e+00
   3.1169194e+00
   3.1178956e+00
   3.1188718e+00
   3.1198480e+00
   3.1208242e+00
   3.1218004e+00
   3.1227766e+00
   3.1237528e+00
   3.1247289e+00
   3.1257051e+00
   3.1266813e+00
   3.1276575e+00
   3.1286337e+00
   3.1296099e+00
   3.1305861e+00
   3.1315623e+00
   3.1325385e+00
   3.1335147e+00
   3.1344909e+00
   3.1354671e+00
   3.1364433e+00
   3.1374195e+00
   3.1383957e+00
   3.1393719e+00
   3.1403481e+00
   3.1413243e+00
   3.1423005e+00
   3.1432767e+00
   3.1442529e+00
   3.1452290e+00
   3.1462052e+00
   3.1471814e+00
   3.1481576e+00
   3.1491338e+00
   3.1501100e+00
   3.1510862e+00
   3.1520624e+00
   3.1530386e+00
   3.1540148e+00
   3.1549910e+00
   3.1559672e+00
   3.1569434e+00
   3.1579196e+00
   3.1588958e+00
   3.1598720e+00
   3.1608482e+00
   3.1618244e+00
   3.1628006e+00
   3.1637768e+00
   3.1647530e+00
   3.1657291e+00
   3.1667053e+00
   3.1676815e+00
   3.1686577e+00
   3.1696339e+00
   3.1706101e+00
   3.1715863e+00
   3.1725625e+00
   3.1735387e+00
   3.1745149e+00
   3.1754911e+00
   3.1764673e+00
   3.1774435e+00
   3.1784197e+00
   3.1793959e+00
   3.1803721e+00
   3.1813483e+00
   3.1823245e+00
   3.1833007e+00
   3.1842769e+00
   3.1852531e+00
   3.1862292e+00
   3.1872054e+00
   3.1881816e+00
   3.1891578e+00
   3.1901340e+00
   3.1911102e+00
   3.1920864e+00
   3.1930626e+00
   3.1940388e+00
   3.1950150e+00
   3.1959912e+00
   3.1969674e+00
   3.1979436e+00
   3.1989198e+00
   3.1998960e+00
   3.2008722e+00
   3.2018484e+00
   3.2028246e+00
   3.2038008e+00
   3.2047770e+00
   3.2057532e+00
   3.2067293e+00
   3.2077055e+00
   3.2086817e+00
   3.2096579e+00
   3.2106341e+00
   3.2116103e+00
   3.2125865e+00
   3.2135627e+00
   3.2145389e+00
   3.2155151e+00
   3.2164913e+00
   3.2174675e+00
   3.2184437e+00
   3.2194199e+00
   3.2203961e+00
   3.2213723e+00
   3.2223485e+00
   3.2233247e+00
   3.2243009e+00
   3.2252771e+00
   3.2262533e+00
   3.2272294e+00
   3.2282056e+00
   3.2291818e+00
   3.2301580e+00
   3.2311342e+00
   3.2321104e+00
   3.2330866e+00
   3.2340628e+00
   3.2350390e+00
   3.2360152e+00
   3.2369914e+00
   3.2379676e+00
   3.2389438e+00
   3.2399200e+00
   3.2408962e+00
   3.2418724e+00
   3.2428486e+00
   3.2438248e+00
   3.2448010e+00
   3.2457772e+00
   3.2467534e+00
   3.2477295e+00
   3.2487057e+00
   3.2496819e+00
   3.2506581e+00
   3.2516343e+00
   3.2526105e+00
   3.2535867e+00
   3.2545629e+00
   3.2555391e+00
   3.2565153e+00
   3.2574915e+00
   3.2584677e+00
   3.2594439e+00
   3.2604201e+00
   3.2613963e+00
   3.2623725e+00
   3.2633487e+00
   3.2643249e+00
   3.2653011e+00
   3.2662773e+00
   3.2672535e+00
   3.2682296e+00
   3.2692058e+00
   3.2701820e+00
   3.2711582e+00
   3.2721344e+00
   3.2731106e+00
   3.2740868e+00
   3.2750630e+00
   3.2760392e+00
   3.2770154e+00
   3.2779916e+00
   3.2789678e+00
   3.2799440e+00
   3.2809202e+00
   3.2818964e+00
   3.2828726e+00
   3.2838488e+00
   3.2848250e+00
   3.2858012e+00
   3.2867774e+00
   3.2877536e+00
   3.2887297e+00
   3.2897059e+00
   3.2906821e+00
   3.2916583e+00
   3.2926345e+00
   3.2936107e+00
   3.2945869e+00
   3.2955631e+00
   3.2965393e+00
   3.2975155e+00
   3.2984917e+00
   3.2994679e+00
   3.3004441e+00
   3.3014203e+00
   3.3023965e+00
   3.3033727e+00
   3.3043489e+00
   3.3053251e+00
   3.3063013e+00
   3.3072775e+00
   3.3082537e+00
   3.3092298e+00
   3.3102060e+00
   3.3111822e+00
   3.3121584e+00
   3.3131346e+00
   3.3141108e+00
   3.3150870e+00
   3.3160632e+00
   3.3170394e+00
   3.3180156e+00
   3.3189918e+00
   3.3199680e+00
   3.3209442e+00
   3.3219204e+00
   3.3228966e+00
   3.3238728e+00
   3.3248490e+00
   3.3258252e+00
   3.3268014e+00
   3.3277776e+00
   3.3287538e+00
   3.3297299e+00
   3.3307061e+00
   3.3316823e+00
   3.3326585e+00
   3.3336347e+00
   3.3346109e+00
   3.3355871e+00
   3.3365633e+00
   3.3375395e+00
   3.3385157e+00
   3.3394919e+00
   3.3404681e+00
   3.3414443e+00
   3.3424205e+00
   3.3433967e+00
   3.3443729e+00
   3.3453491e+00
   3.3463253e+00
   3.3473015e+00
   3.3482777e+00
   3.3492539e+00
   3.3502300e+00
   3.3512062e+00
   3.3521824e+00
   3.3531586e+00
   3.3541348e+00
   3.3551110e+00
   3.3560872e+00
   3.3570634e+00
   3.3580396e+00
   3.3590158e+00
   3.3599920e+00
   3.3609682e+00
   3.3619444e+00
   3.3629206e+00
   3.3638968e+00
   3.3648730e+00
   3.3658492e+00
   3.3668254e+00
   3.3678016e+00
   3.3687778e+00
   3.3697540e+00
   3.3707301e+00
   3.3717063e+00
   3.3726825e+00
   3.3736587e+00
   3.3746349e+00
   3.3756111e+00
   3.3765873e+00
   3.3775635e+00
   3.3785397e+00
   3.3795159e+00
   3.3804921e+00
   3.3814683e+00
   3.3824445e+00
   3.3834207e+00
   3.3843969e+00
   3.3853731e+00
   3.3863493e+00
   3.3873255e+00
   3.3883017e+00
   3.3892779e+00
   3.3902541e+00
   3.3912302e+00
   3.3922064e+00
   3.3931826e+00
   3.3941588e+00
   3.3951350e+00
   3.3961112e+00
   3.3970874e+00
   3.3980636e+00
   3.3990398e+00
   3.4000160e+00
   3.4009922e+00
   3.4019684e+00
   3.4029446e+00
   3.4039208e+00
   3.4048970e+00
   3.4058732e+00
   3.4068494e+00
   3.4078256e+00
   3.4088018e+00
   3.4097780e+00
   3.4107542e+00
   3.4117303e+00
   3.4127065e+00
   3.4136827e+00
   3.4146589e+00
   3.4156351e+00
   3.4166113e+00
   3.4175875e+00
   3.4185637e+00
   3.4195399e+00
   3.4205161e+00
   3.4214923e+00
   3.4224685e+00
   3.4234447e+00
   3.4244209e+00
   3.4253971e+00
   3.4263733e+00
   3.4273495e+00
   3.4283257e+00
   3.4293019e+00
   3.4302781e+00
   3.4312543e+00
   3.4322304e+00
   3.4332066e+00
   3.4341828e+00
   3.4351590e+00
   3.4361352e+00
   3.4371114e+00
   3.4380876e+00
   3.4390638e+00
   3.4400400e+00
   3.4410162e+00
   3.4419924e+00
   3.4429686e+00
   3.4439448e+00
   3.4449210e+00
   3.4458972e+00
   3.4468734e+00
   3.4478496e+00
   3.4488258e+00
   3.4498020e+00
   3.4507782e+00
   3.4517544e+00
   3.4527305e+00
   3.4537067e+00
   3.4546829e+00
   3.4556591e+00
   3.4566353e+00
   3.4576115e+00
   3.4585877e+00
   3.4595639e+00
   3.4605401e+00
   3.4615163e+00
   3.4624925e+00
   3.4634687e+00
   3.4644449e+00
   3.4654211e+00
   3.4663973e+00
   3.4673735e+00
   3.4683497e+00
   3.4693259e+00
   3.4703021e+00
   3.4712783e+00
   3.4722545e+00
   3.4732306e+00
   3.4742068e+00
   3.4751830e+00
   3.4761592e+00
   3.4771354e+00
   3.4781116e+00
   3.4790878e+00
   3.4800640e+00
   3.4810402e+00
   3.4820164e+00
   3.4829926e+00
   3.4839688e+00
   3.4849450e+00
   3.4859212e+00
   3.4868974e+00
   3.4878736e+00
   3.4888498e+00
   3.4898260e+00
   3.4908022e+00
   3.4917784e+00
   3.4927546e+00
   3.4937307e+00
   3.4947069e+00
   3.4956831e+00
   3.4966593e+00
   3.4976355e+00
   3.4986117e+00
   3.4995879e+00
   3.5005641e+00
   3.5015403e+00
   3.5025165e+00
   3.5034927e+00
   3.5044689e+00
   3.5054451e+00
   3.5064213e+00
   3.5073975e+00
   3.5083737e+00
   3.5093499e+00
   3.5103261e+00
   3.5113023e+00
   3.5122785e+00
   3.5132547e+00
   3.5142308e+00
   3.5152070e+00
   3.5161832e+00
   3.5171594e+00
   3.5181356e+00
   3.5191118e+00
   3.5200880e+00
   3.5210642e+00
   3.5220404e+00
   3.5230166e+00
   3.5239928e+00
   3.5249690e+00
   3.5259452e+00
   3.5269214e+00
   3.5278976e+00
   3.5288738e+00
   3.5298500e+00
   3.5308262e+00
   3.5318024e+00
   3.5327786e+00
   3.5337548e+00
   3.5347309e+00
   3.5357071e+00
   3.5366833e+00
   3.5376595e+00
   3.5386357e+00
   3.5396119e+00
   3.5405881e+00
   3.5415643e+00
   3.5425405e+00
   3.5435167e+00
   3.5444929e+00
   3.5454691e+00
   3.5464453e+00
   3.5474215e+00
   3.5483977e+00
   3.5493739e+00
   3.5503501e+00
   3.5513263e+00
   3.5523025e+00
   3.5532787e+00
   3.5542549e+00
   3.5552310e+00
   3.5562072e+00
   3.5571834e+00
   3.5581596e+00
   3.5591358e+00
   3.5601120e+00
   3.5610882e+00
   3.5620644e+00
   3.5630406e+00
   3.5640168e+00
   3.5649930e+00
   3.5659692e+00
   3.5669454e+00
   3.5679216e+00
   3.5688978e+00
   3.5698740e+00
   3.5708502e+00
   3.5718264e+00
   3.5728026e+00
   3.5737788e+00
   3.5747550e+00
   3.5757311e+00
   3.5767073e+00
   3.5776835e+00
   3.5786597e+00
   3.5796359e+00
   3.5806121e+00
   3.5815883e+00
   3.5825645e+00
   3.5835407e+00
   3.5845169e+00
   3.5854931e+00
   3.5864693e+00
   3.5874455e+00
   3.5884217e+00
   3.5893979e+00
   3.5903741e+00
   3.5913503e+00
   3.5923265e+00
   3.5933027e+00
   3.5942789e+00
   3.5952551e+00
   3.5962312e+00
   3.5972074e+00
   3.5981836e+00
   3.5991598e+00
   3.6001360e+00
   3.6011122e+00
   3.6020884e+00
   3.6030646e+00
   3.6040408e+00
   3.6050170e+00
   3.6059932e+00
   3.6069694e+00
   3.6079456e+00
   3.6089218e+00
   3.6098980e+00
   3.6108742e+00
   3.6118504e+00
   3.6128266e+00
   3.6138028e+00
   3.6147790e+00
   3.6157552e+00
   3.6167313e+00
   3.6177075e+00
   3.6186837e+00
   3.6196599e+00
   3.6206361e+00
   3.6216123e+00
   3.6225885e+00
   3.6235647e+00
   3.6245409e+00
   3.6255171e+00
   3.6264933e+00
   3.6274695e+00
   3.6284457e+00
   3.6294219e+00
   3.6303981e+00
   3.6313743e+00
   3.6323505e+00
   3.6333267e+00
   3.6343029e+00
   3.6352791e+00
   3.6362553e+00
   3.6372314e+00
   3.6382076e+00
   3.6391838e+00
   3.6401600e+00
   3.6411362e+00
   3.6421124e+00
   3.6430886e+00
   3.6440648e+00
   3.6450410e+00
   3.6460172e+00
   3.6469934e+00
   3.6479696e+00
   3.6489458e+00
   3.6499220e+00
   3.6508982e+00
   3.6518744e+00
   3.6528506e+00
   3.6538268e+00
   3.6548030e+00
   3.6557792e+00
   3.6567554e+00
   3.6577315e+00
   3.6587077e+00
   3.6596839e+00
   3.6606601e+00
   3.6616363e+00
   3.6626125e+00
   3.6635887e+00
   3.6645649e+00
   3.6655411e+00
   3.6665173e+00
   3.6674935e+00
   3.6684697e+00
   3.6694459e+00
   3.6704221e+00
   3.6713983e+00
   3.6723745e+00
   3.6733507e+00
   3.6743269e+00
   3.6753031e+00
   3.6762793e+00
   3.6772555e+00
   3.6782316e+00
   3.6792078e+00
   3.6801840e+00
   3.6811602e+00
   3.6821364e+00
   3.6831126e+00
   3.6840888e+00
   3.6850650e+00
   3.6860412e+00
   3.6870174e+00
   3.6879936e+00
   3.6889698e+00
   3.6899460e+00
   3.6909222e+00
   3.6918984e+00
   3.6928746e+00
   3.6938508e+00
   3.6948270e+00
   3.6958032e+00
   3.6967794e+00
   3.6977556e+00
   3.6987317e+00
   3.6997079e+00
   3.7006841e+00
   3.7016603e+00
   3.7026365e+00
   3.7036127e+00
   3.7045889e+00
   3.7055651e+00
   3.7065413e+00
   3.7075175e+00
   3.7084937e+00
   3.7094699e+00
   3.7104461e+00
   3.7114223e+00
   3.7123985e+00
   3.7133747e+00
   3.7143509e+00
   3.7153271e+00
   3.7163033e+00
   3.7172795e+00
   3.7182557e+00
   3.7192318e+00
   3.7202080e+00
   3.7211842e+00
   3.7221604e+00
   3.7231366e+00
   3.7241128e+00
   3.7250890e+00
   3.7260652e+00
   3.7270414e+00
   3.7280176e+00
   3.7289938e+00
   3.7299700e+00
   3.7309462e+00
   3.7319224e+00
   3.7328986e+00
   3.7338748e+00
   3.7348510e+00
   3.7358272e+00
   3.7368034e+00
   3.7377796e+00
   3.7387558e+00
   3.7397319e+00
   3.7407081e+00
   3.7416843e+00
   3.7426605e+00
   3.7436367e+00
   3.7446129e+00
   3.7455891e+00
   3.7465653e+00
   3.7475415e+00
   3.7485177e+00
   3.7494939e+00
   3.7504701e+00
   3.7514463e+00
   3.7524225e+00
   3.7533987e+00
   3.7543749e+00
   3.7553511e+00
   3.7563273e+00
   3.7573035e+00
   3.7582797e+00
   3.7592559e+00
   3.7602320e+00
   3.7612082e+00
   3.7621844e+00
   3.7631606e+00
   3.7641368e+00
   3.7651130e+00
   3.7660892e+00
   3.7670654e+00
   3.7680416e+00
   3.7690178e+00
   3.7699940e+00
   3.7709702e+00
   3.7719464e+00
   3.7729226e+00
   3.7738988e+00
   3.7748750e+00
   3.7758512e+00
   3.7768274e+00
   3.7778036e+00
   3.7787798e+00
   3.7797560e+00
   3.7807321e+00
   3.7817083e+00
   3.7826845e+00
   3.7836607e+00
   3.7846369e+00
   3.7856131e+00
   3.7865893e+00
   3.7875655e+00
   3.7885417e+00
   3.7895179e+00
   3.7904941e+00
   3.7914703e+00
   3.7924465e+00
   3.7934227e+00
   3.7943989e+00
   3.7953751e+00
   3.7963513e+00
   3.7973275e+00
   3.7983037e+00
   3.7992799e+00
   3.8002561e+00
   3.8012322e+00
   3.8022084e+00
   3.8031846e+00
   3.8041608e+00
   3.8051370e+00
   3.8061132e+00
   3.8070894e+00
   3.8080656e+00
   3.8090418e+00
   3.8100180e+00
   3.8109942e+00
   3.8119704e+00
   3.8129466e+00
   3.8139228e+00
   3.8148990e+00
   3.8158752e+00
   3.8168514e+00
   3.8178276e+00
   3.8188038e+00
   3.8197800e+00
   3.8207562e+00
   3.8217323e+00
   3.8227085e+00
   3.8236847e+00
   3.8246609e+00
   3.8256371e+00
   3.8266133e+00
   3.8275895e+00
   3.8285657e+00
   3.8295419e+00
   3.8305181e+00
   3.8314943e+00
   3.8324705e+00
   3.8334467e+00
   3.8344229e+00
   3.8353991e+00
   3.8363753e+00
   3.8373515e+00
   3.8383277e+00
   3.8393039e+00
   3.8402801e+00
   3.8412563e+00
   3.8422324e+00
   3.8432086e+00
   3.8441848e+00
   3.8451610e+00
   3.8461372e+00
   3.8471134e+00
   3.8480896e+00
   3.8490658e+00
   3.8500420e+00
   3.8510182e+00
   3.8519944e+00
   3.8529706e+00
   3.8539468e+00
   3.8549230e+00
   3.8558992e+00
   3.8568754e+00
   3.8578516e+00
   3.8588278e+00
   3.8598040e+00
   3.8607802e+00
   3.8617564e+00
   3.8627325e+00
   3.8637087e+00
   3.8646849e+00
   3.8656611e+00
   3.8666373e+00
   3.8676135e+00
   3.8685897e+00
   3.8695659e+00
   3.8705421e+00
   3.8715183e+00
   3.8724945e+00
   3.8734707e+00
   3.8744469e+00
   3.8754231e+00
   3.8763993e+00
   3.8773755e+00
   3.8783517e+00
   3.8793279e+00
   3.8803041e+00
   3.8812803e+00
   3.8822565e+00
   3.8832326e+00
   3.8842088e+00
   3.8851850e+00
   3.8861612e+00
   3.8871374e+00
   3.8881136e+00
   3.8890898e+00
   3.8900660e+00
   3.8910422e+00
   3.8920184e+00
   3.8929946e+00
   3.8939708e+00
   3.8949470e+00
   3.8959232e+00
   3.8968994e+00
   3.8978756e+00
   3.8988518e+00
   3.8998280e+00
   3.9008042e+00
   3.9017804e+00
   3.9027566e+00
   3.9037327e+00
   3.9047089e+00
   3.9056851e+00
   3.9066613e+00
   3.9076375e+00
   3.9086137e+00
   3.9095899e+00
   3.9105661e+00
   3.9115423e+00
   3.9125185e+00
   3.9134947e+00
   3.9144709e+00
   3.9154471e+00
   3.9164233e+00
   3.9173995e+00
   3.9183757e+00
   3.9193519e+00
   3.9203281e+00
   3.9213043e+00
   3.9222805e+00
   3.9232567e+00
   3.9242328e+00
   3.9252090e+00
   3.9261852e+00
   3.9271614e+00
   3.9281376e+00
   3.9291138e+00
   3.9300900e+00
   3.9310662e+00
   3.9320424e+00
   3.9330186e+00
   3.9339948e+00
   3.9349710e+00
   3.9359472e+00
   3.9369234e+00
   3.9378996e+00
   3.9388758e+00
   3.9398520e+00
   3.9408282e+00
   3.9418044e+00
   3.9427806e+00
   3.9437568e+00
   3.9447329e+00
   3.9457091e+00
   3.9466853e+00
   3.9476615e+00
   3.9486377e+00
   3.9496139e+00
   3.9505901e+00
   3.9515663e+00
   3.9525425e+00
   3.9535187e+00
   3.9544949e+00
   3.9554711e+00
   3.9564473e+00
   3.9574235e+00
   3.9583997e+00
   3.9593759e+00
   3.9603521e+00
   3.9613283e+00
   3.9623045e+00
   3.9632807e+00
   3.9642569e+00
   3.9652330e+00
   3.9662092e+00
   3.9671854e+00
   3.9681616e+00
   3.9691378e+00
   3.9701140e+00
   3.9710902e+00
   3.9720664e+00
   3.9730426e+00
   3.9740188e+00
   3.9749950e+00
   3.9759712e+00
   3.9769474e+00
   3.9779236e+00
   3.9788998e+00
   3.9798760e+00
   3.9808522e+00
   3.9818284e+00
   3.9828046e+00
   3.9837808e+00
   3.9847570e+00
   3.9857331e+00
   3.9867093e+00
   3.9876855e+00
   3.9886617e+00
   3.9896379e+00
   3.9906141e+00
   3.9915903e+00
   3.9925665e+00
   3.9935427e+00
   3.9945189e+00
   3.9954951e+00
   3.9964713e+00
   3.9974475e+00
   3.9984237e+00
   3.9993999e+00
   4.0003761e+00
   4.0013523e+00
   4.0023285e+00
   4.0033047e+00
   4.0042809e+00
   4.0052571e+00
   4.0062332e+00
   4.0072094e+00
   4.0081856e+00
   4.0091618e+00
   4.0101380e+00
   4.0111142e+00
   4.0120904e+00
   4.0130666e+00
   4.0140428e+00
   4.0150190e+00
   4.0159952e+00
   4.0169714e+00
   4.0179476e+00
   4.0189238e+00
   4.0199000e+00
   4.0208762e+00
   4.0218524e+00
   4.0228286e+00
   4.0238048e+00
   4.0247810e+00
   4.0257572e+00
   4.0267333e+00
   4.0277095e+00
   4.0286857e+00
   4.0296619e+00
   4.0306381e+00
   4.0316143e+00
   4.0325905e+00
   4.0335667e+00
   4.0345429e+00
   4.0355191e+00
   4.0364953e+00
   4.0374715e+00
   4.0384477e+00
   4.0394239e+00
   4.0404001e+00
   4.0413763e+00
   4.0423525e+00
   4.0433287e+00
   4.0443049e+00
   4.0452811e+00
   4.0462573e+00
   4.0472334e+00
   4.0482096e+00
   4.0491858e+00
   4.0501620e+00
   4.0511382e+00
   4.0521144e+00
   4.0530906e+00
   4.0540668e+00
   4.0550430e+00
   4.0560192e+00
   4.0569954e+00
   4.0579716e+00
   4.0589478e+00
   4.0599240e+00
   4.0609002e+00
   4.0618764e+00
   4.0628526e+00
   4.0638288e+00
   4.0648050e+00
   4.0657812e+00
   4.0667574e+00
   4.0677335e+00
   4.0687097e+00
   4.0696859e+00
   4.0706621e+00
   4.0716383e+00
   4.0726145e+00
   4.0735907e+00
   4.0745669e+00
   4.0755431e+00
   4.0765193e+00
   4.0774955e+00
   4.0784717e+00
   4.0794479e+00
   4.0804241e+00
   4.0814003e+00
   4.0823765e+00
   4.0833527e+00
   4.0843289e+00
   4.0853051e+00
   4.0862813e+00
   4.0872575e+00
   4.0882336e+00
   4.0892098e+00
   4.0901860e+00
   4.0911622e+00
   4.0921384e+00
   4.0931146e+00
   4.0940908e+00
   4.0950670e+00
   4.0960432e+00
   4.0970194e+00
   4.0979956e+00
   4.0989718e+00
   4.0999480e+00
   4.1009242e+00
   4.1019004e+00
   4.1028766e+00
   4.1038528e+00
   4.1048290e+00
   4.1058052e+00
   4.1067814e+00
   4.1077576e+00
   4.1087337e+00
   4.1097099e+00
   4.1106861e+00
   4.1116623e+00
   4.1126385e+00
   4.1136147e+00
   4.1145909e+00
   4.1155671e+00
   4.1165433e+00
   4.1175195e+00
   4.1184957e+00
   4.1194719e+00
   4.1204481e+00
   4.1214243e+00
   4.1224005e+00
   4.1233767e+00
   4.1243529e+00
   4.1253291e+00
   4.1263053e+00
   4.1272815e+00
   4.1282577e+00
   4.1292338e+00
   4.1302100e+00
   4.1311862e+00
   4.1321624e+00
   4.1331386e+00
   4.1341148e+00
   4.1350910e+00
   4.1360672e+00
   4.1370434e+00
   4.1380196e+00
   4.1389958e+00
   4.1399720e+00
   4.1409482e+00
   4.1419244e+00
   4.1429006e+00
   4.1438768e+00
   4.1448530e+00
   4.1458292e+00
   4.1468054e+00
   4.1477816e+00
   4.1487578e+00
   4.1497339e+00
   4.1507101e+00
   4.1516863e+00
   4.1526625e+00
   4.1536387e+00
   4.1546149e+00
   4.1555911e+00
   4.1565673e+00
   4.1575435e+00
   4.1585197e+00
   4.1594959e+00
   4.1604721e+00
   4.1614483e+00
   4.1624245e+00
   4.1634007e+00
   4.1643769e+00
   4.1653531e+00
   4.1663293e+00
   4.1673055e+00
   4.1682817e+00
   4.1692579e+00
   4.1702340e+00
   4.1712102e+00
   4.1721864e+00
   4.1731626e+00
   4.1741388e+00
   4.1751150e+00
   4.1760912e+00
   4.1770674e+00
   4.1780436e+00
   4.1790198e+00
   4.1799960e+00
   4.1809722e+00
   4.1819484e+00
   4.1829246e+00
   4.1839008e+00
   4.1848770e+00
   4.1858532e+00
   4.1868294e+00
   4.1878056e+00
   4.1887818e+00
   4.1897580e+00
   4.1907341e+00
   4.1917103e+00
   4.1926865e+00
   4.1936627e+00
   4.1946389e+00
   4.1956151e+00
   4.1965913e+00
   4.1975675e+00
   4.1985437e+00
   4.1995199e+00
   4.2004961e+00
   4.2014723e+00
   4.2024485e+00
   4.2034247e+00
   4.2044009e+00
   4.2053771e+00
   4.2063533e+00
   4.2073295e+00
   4.2083057e+00
   4.2092819e+00
   4.2102581e+00
   4.2112342e+00
   4.2122104e+00
   4.2131866e+00
   4.2141628e+00
   4.2151390e+00
   4.2161152e+00
   4.2170914e+00
   4.2180676e+00
   4.2190438e+00
   4.2200200e+00
   4.2209962e+00
   4.2219724e+00
   4.2229486e+00
   4.2239248e+00
   4.2249010e+00
   4.2258772e+00
   4.2268534e+00
   4.2278296e+00
   4.2288058e+00
   4.2297820e+00
   4.2307582e+00
   4.2317343e+00
   4.2327105e+00
   4.2336867e+00
   4.2346629e+00
   4.2356391e+00
   4.2366153e+00
   4.2375915e+00
   4.2385677e+00
   4.2395439e+00
   4.2405201e+00
   4.2414963e+00
   4.2424725e+00
   4.2434487e+00
   4.2444249e+00
   4.2454011e+00
   4.2463773e+00
   4.2473535e+00
   4.2483297e+00
   4.2493059e+00
   4.2502821e+00
   4.2512583e+00
   4.2522344e+00
   4.2532106e+00
   4.2541868e+00
   4.2551630e+00
   4.2561392e+00
   4.2571154e+00
   4.2580916e+00
   4.2590678e+00
   4.2600440e+00
   4.2610202e+00
   4.2619964e+00
   4.2629726e+00
   4.2639488e+00
   4.2649250e+00
   4.2659012e+00
   4.2668774e+00
   4.2678536e+00
   4.2688298e+00
   4.2698060e+00
   4.2707822e+00
   4.2717584e+00
   4.2727345e+00
   4.2737107e+00
   4.2746869e+00
   4.2756631e+00
   4.2766393e+00
   4.2776155e+00
   4.2785917e+00
   4.2795679e+00
   4.2805441e+00
   4.2815203e+00
   4.2824965e+00
   4.2834727e+00
   4.2844489e+00
   4.2854251e+00
   4.2864013e+00
   4.2873775e+00
   4.2883537e+00
   4.2893299e+00
   4.2903061e+00
   4.2912823e+00
   4.2922585e+00
   4.2932346e+00
   4.2942108e+00
   4.2951870e+00
   4.2961632e+00
   4.2971394e+00
   4.2981156e+00
   4.2990918e+00
   4.3000680e+00
   4.3010442e+00
   4.3020204e+00
   4.3029966e+00
   4.3039728e+00
   4.3049490e+00
   4.3059252e+00
   4.3069014e+00
   4.3078776e+00
   4.3088538e+00
   4.3098300e+00
   4.3108062e+00
   4.3117824e+00
   4.3127586e+00
   4.3137347e+00
   4.3147109e+00
   4.3156871e+00
   4.3166633e+00
   4.3176395e+00
   4.3186157e+00
   4.3195919e+00
   4.3205681e+00
   4.3215443e+00
   4.3225205e+00
   4.3234967e+00
   4.3244729e+00
   4.3254491e+00
   4.3264253e+00
   4.3274015e+00
   4.3283777e+00
   4.3293539e+00
   4.3303301e+00
   4.3313063e+00
   4.3322825e+00
   4.3332587e+00
   4.3342348e+00
   4.3352110e+00
   4.3361872e+00
   4.3371634e+00
   4.3381396e+00
   4.3391158e+00
   4.3400920e+00
   4.3410682e+00
   4.3420444e+00
   4.3430206e+00
   4.3439968e+00
   4.3449730e+00
   4.3459492e+00
   4.3469254e+00
   4.3479016e+00
   4.3488778e+00
   4.3498540e+00
   4.3508302e+00
   4.3518064e+00
   4.3527826e+00
   4.3537588e+00
   4.3547349e+00
   4.3557111e+00
   4.3566873e+00
   4.3576635e+00
   4.3586397e+00
   4.3596159e+00
   4.3605921e+00
   4.3615683e+00
   4.3625445e+00
   4.3635207e+00
   4.3644969e+00
   4.3654731e+00
   4.3664493e+00
   4.3674255e+00
   4.3684017e+00
   4.3693779e+00
   4.3703541e+00
   4.3713303e+00
   4.3723065e+00
   4.3732827e+00
   4.3742589e+00
   4.3752350e+00
   4.3762112e+00
   4.3771874e+00
   4.3781636e+00
   4.3791398e+00
   4.3801160e+00
   4.3810922e+00
   4.3820684e+00
   4.3830446e+00
   4.3840208e+00
   4.3849970e+00
   4.3859732e+00
   4.3869494e+00
   4.3879256e+00
   4.3889018e+00
   4.3898780e+00
   4.3908542e+00
   4.3918304e+00
   4.3928066e+00
   4.3937828e+00
   4.3947590e+00
   4.3957351e+00
   4.3967113e+00
   4.3976875e+00
   4.3986637e+00
   4.3996399e+00
   4.4006161e+00
   4.4015923e+00
   4.4025685e+00
   4.4035447e+00
   4.4045209e+00
   4.4054971e+00
   4.4064733e+00
   4.4074495e+00
   4.4084257e+00
   4.4094019e+00
   4.4103781e+00
   4.4113543e+00
   4.4123305e+00
   4.4133067e+00
   4.4142829e+00
   4.4152591e+00
   4.4162352e+00
   4.4172114e+00
   4.4181876e+00
   4.4191638e+00
   4.4201400e+00
   4.4211162e+00
   4.4220924e+00
   4.4230686e+00
   4.4240448e+00
   4.4250210e+00
   4.4259972e+00
   4.4269734e+00
   4.4279496e+00
   4.4289258e+00
   4.4299020e+00
   4.4308782e+00
   4.4318544e+00
   4.4328306e+00
   4.4338068e+00
   4.4347830e+00
   4.4357592e+00
   4.4367353e+00
   4.4377115e+00
   4.4386877e+00
   4.4396639e+00
   4.4406401e+00
   4.4416163e+00
   4.4425925e+00
   4.4435687e+00
   4.4445449e+00
   4.4455211e+00
   4.4464973e+00
   4.4474735e+00
   4.4484497e+00
   4.4494259e+00
   4.4504021e+00
   4.4513783e+00
   4.4523545e+00
   4.4533307e+00
   4.4543069e+00
   4.4552831e+00
   4.4562593e+00
   4.4572354e+00
   4.4582116e+00
   4.4591878e+00
   4.4601640e+00
   4.4611402e+00
   4.4621164e+00
   4.4630926e+00
   4.4640688e+00
   4.4650450e+00
   4.4660212e+00
   4.4669974e+00
   4.4679736e+00
   4.4689498e+00
   4.4699260e+00
   4.4709022e+00
   4.4718784e+00
   4.4728546e+00
   4.4738308e+00
   4.4748070e+00
   4.4757832e+00
   4.4767594e+00
   4.4777355e+00
   4.4787117e+00
   4.4796879e+00
   4.4806641e+00
   4.4816403e+00
   4.4826165e+00
   4.4835927e+00
   4.4845689e+00
   4.4855451e+00
   4.4865213e+00
   4.4874975e+00
   4.4884737e+00
   4.4894499e+00
   4.4904261e+00
   4.4914023e+00
   4.4923785e+00
   4.4933547e+00
   4.4943309e+00
   4.4953071e+00
   4.4962833e+00
   4.4972595e+00
   4.4982356e+00
   4.4992118e+00
   4.5001880e+00
   4.5011642e+00
   4.5021404e+00
   4.5031166e+00
   4.5040928e+00
   4.5050690e+00
   4.5060452e+00
   4.5070214e+00
   4.5079976e+00
   4.5089738e+00
   4.5099500e+00
   4.5109262e+00
   4.5119024e+00
   4.5128786e+00
   4.5138548e+00
   4.5148310e+00
   4.5158072e+00
   4.5167834e+00
   4.5177596e+00
   4.5187357e+00
   4.5197119e+00
   4.5206881e+00
   4.5216643e+00
   4.5226405e+00
   4.5236167e+00
   4.5245929e+00
   4.5255691e+00
   4.5265453e+00
   4.5275215e+00
   4.5284977e+00
   4.5294739e+00
   4.5304501e+00
   4.5314263e+00
   4.5324025e+00
   4.5333787e+00
   4.5343549e+00
   4.5353311e+00
   4.5363073e+00
   4.5372835e+00
   4.5382597e+00
   4.5392358e+00
   4.5402120e+00
   4.5411882e+00
   4.5421644e+00
   4.5431406e+00
   4.5441168e+00
   4.5450930e+00
   4.5460692e+00
   4.5470454e+00
   4.5480216e+00
   4.5489978e+00
   4.5499740e+00
   4.5509502e+00
   4.5519264e+00
   4.5529026e+00
   4.5538788e+00
   4.5548550e+00
   4.5558312e+00
   4.5568074e+00
   4.5577836e+00
   4.5587598e+00
   4.5597359e+00
   4.5607121e+00
   4.5616883e+00
   4.5626645e+00
   4.5636407e+00
   4.5646169e+00
   4.5655931e+00
   4.5665693e+00
   4.5675455e+00
   4.5685217e+00
   4.5694979e+00
   4.5704741e+00
   4.5714503e+00
   4.5724265e+00
   4.5734027e+00
   4.5743789e+00
   4.5753551e+00
   4.5763313e+00
   4.5773075e+00
   4.5782837e+00
   4.5792599e+00
   4.5802360e+00
   4.5812122e+00
   4.5821884e+00
   4.5831646e+00
   4.5841408e+00
   4.5851170e+00
   4.5860932e+00
   4.5870694e+00
   4.5880456e+00
   4.5890218e+00
   4.5899980e+00
   4.5909742e+00
   4.5919504e+00
   4.5929266e+00
   4.5939028e+00
   4.5948790e+00
   4.5958552e+00
   4.5968314e+00
   4.5978076e+00
   4.5987838e+00
   4.5997600e+00
   4.6007361e+00
   4.6017123e+00
   4.6026885e+00
   4.6036647e+00
   4.6046409e+00
   4.6056171e+00
   4.6065933e+00
   4.6075695e+00
   4.6085457e+00
   4.6095219e+00
   4.6104981e+00
   4.6114743e+00
   4.6124505e+00
   4.6134267e+00
   4.6144029e+00
   4.6153791e+00
   4.6163553e+00
   4.6173315e+00
   4.6183077e+00
   4.6192839e+00
   4.6202601e+00
   4.6212362e+00
   4.6222124e+00
   4.6231886e+00
   4.6241648e+00
   4.6251410e+00
   4.6261172e+00
   4.6270934e+00
   4.6280696e+00
   4.6290458e+00
   4.6300220e+00
   4.6309982e+00
   4.6319744e+00
   4.6329506e+00
   4.6339268e+00
   4.6349030e+00
   4.6358792e+00
   4.6368554e+00
   4.6378316e+00
   4.6388078e+00
   4.6397840e+00
   4.6407602e+00
   4.6417363e+00
   4.6427125e+00
   4.6436887e+00
   4.6446649e+00
   4.6456411e+00
   4.6466173e+00
   4.6475935e+00
   4.6485697e+00
   4.6495459e+00
   4.6505221e+00
   4.6514983e+00
   4.6524745e+00
   4.6534507e+00
   4.6544269e+00
   4.6554031e+00
   4.6563793e+00
   4.6573555e+00
   4.6583317e+00
   4.6593079e+00
   4.6602841e+00
   4.6612603e+00
   4.6622364e+00
   4.6632126e+00
   4.6641888e+00
   4.6651650e+00
   4.6661412e+00
   4.6671174e+00
   4.6680936e+00
   4.6690698e+00
   4.6700460e+00
   4.6710222e+00
   4.6719984e+00
   4.6729746e+00
   4.6739508e+00
   4.6749270e+00
   4.6759032e+00
   4.6768794e+00
   4.6778556e+00
   4.6788318e+00
   4.6798080e+00
   4.6807842e+00
   4.6817604e+00
   4.6827365e+00
   4.6837127e+00
   4.6846889e+00
   4.6856651e+00
   4.6866413e+00
   4.6876175e+00
   4.6885937e+00
   4.6895699e+00
   4.6905461e+00
   4.6915223e+00
   4.6924985e+00
   4.6934747e+00
   4.6944509e+00
   4.6954271e+00
   4.6964033e+00
   4.6973795e+00
   4.6983557e+00
   4.6993319e+00
   4.7003081e+00
   4.7012843e+00
   4.7022605e+00
   4.7032366e+00
   4.7042128e+00
   4.7051890e+00
   4.7061652e+00
   4.7071414e+00
   4.7081176e+00
   4.7090938e+00
   4.7100700e+00
   4.7110462e+00
   4.7120224e+00
   4.7129986e+00
   4.7139748e+00
   4.7149510e+00
   4.7159272e+00
   4.7169034e+00
   4.7178796e+00
   4.7188558e+00
   4.7198320e+00
   4.7208082e+00
   4.7217844e+00
   4.7227606e+00
   4.7237367e+00
   4.7247129e+00
   4.7256891e+00
   4.7266653e+00
   4.7276415e+00
   4.7286177e+00
   4.7295939e+00
   4.7305701e+00
   4.7315463e+00
   4.7325225e+00
   4.7334987e+00
   4.7344749e+00
   4.7354511e+00
   4.7364273e+00
   4.7374035e+00
   4.7383797e+00
   4.7393559e+00
   4.7403321e+00
   4.7413083e+00
   4.7422845e+00
   4.7432607e+00
   4.7442368e+00
   4.7452130e+00
   4.7461892e+00
   4.7471654e+00
   4.7481416e+00
   4.7491178e+00
   4.7500940e+00
   4.7510702e+00
   4.7520464e+00
   4.7530226e+00
   4.7539988e+00
   4.7549750e+00
   4.7559512e+00
   4.7569274e+00
   4.7579036e+00
   4.7588798e+00
   4.7598560e+00
   4.7608322e+00
   4.7618084e+00
   4.7627846e+00
   4.7637608e+00
   4.7647369e+00
   4.7657131e+00
   4.7666893e+00
   4.7676655e+00
   4.7686417e+00
   4.7696179e+00
   4.7705941e+00
   4.7715703e+00
   4.7725465e+00
   4.7735227e+00
   4.7744989e+00
   4.7754751e+00
   4.7764513e+00
   4.7774275e+00
   4.7784037e+00
   4.7793799e+00
   4.7803561e+00
   4.7813323e+00
   4.7823085e+00
   4.7832847e+00
   4.7842609e+00
   4.7852370e+00
   4.7862132e+00
   4.7871894e+00
   4.7881656e+00
   4.7891418e+00
   4.7901180e+00
   4.7910942e+00
   4.7920704e+00
   4.7930466e+00
   4.7940228e+00
   4.7949990e+00
   4.7959752e+00
   4.7969514e+00
   4.7979276e+00
   4.7989038e+00
   4.7998800e+00
   4.8008562e+00
   4.8018324e+00
   4.8028086e+00
   4.8037848e+00
   4.8047610e+00
   4.8057371e+00
   4.8067133e+00
   4.8076895e+00
   4.8086657e+00
   4.8096419e+00
   4.8106181e+00
   4.8115943e+00
   4.8125705e+00
   4.8135467e+00
   4.8145229e+00
   4.8154991e+00
   4.8164753e+00
   4.8174515e+00
   4.8184277e+00
   4.8194039e+00
   4.8203801e+00
   4.8213563e+00
   4.8223325e+00
   4.8233087e+00
   4.8242849e+00
   4.8252611e+00
   4.8262372e+00
   4.8272134e+00
   4.8281896e+00
   4.8291658e+00
   4.8301420e+00
   4.8311182e+00
   4.8320944e+00
   4.8330706e+00
   4.8340468e+00
   4.8350230e+00
   4.8359992e+00
   4.8369754e+00
   4.8379516e+00
   4.8389278e+00
   4.8399040e+00
   4.8408802e+00
   4.8418564e+00
   4.8428326e+00
   4.8438088e+00
   4.8447850e+00
   4.8457612e+00
   4.8467373e+00
   4.8477135e+00
   4.8486897e+00
   4.8496659e+00
   4.8506421e+00
   4.8516183e+00
   4.8525945e+00
   4.8535707e+00
   4.8545469e+00
   4.8555231e+00
   4.8564993e+00
   4.8574755e+00
   4.8584517e+00
   4.8594279e+00
   4.8604041e+00
   4.8613803e+00
   4.8623565e+00
   4.8633327e+00
   4.8643089e+00
   4.8652851e+00
   4.8662613e+00
   4.8672374e+00
   4.8682136e+00
   4.8691898e+00
   4.8701660e+00
   4.8711422e+00
   4.8721184e+00
   4.8730946e+00
   4.8740708e+00
   4.8750470e+00
   4.8760232e+00
   4.8769994e+00
   4.8779756e+00
   4.8789518e+00
   4.8799280e+00
   4.8809042e+00
   4.8818804e+00
   4.8828566e+00
   4.8838328e+00
   4.8848090e+00
   4.8857852e+00
   4.8867614e+00
   4.8877375e+00
   4.8887137e+00
   4.8896899e+00
   4.8906661e+00
   4.8916423e+00
   4.8926185e+00
   4.8935947e+00
   4.8945709e+00
   4.8955471e+00
   4.8965233e+00
   4.8974995e+00
   4.8984757e+00
   4.8994519e+00
   4.9004281e+00
   4.9014043e+00
   4.9023805e+00
   4.9033567e+00
   4.9043329e+00
   4.9053091e+00
   4.9062853e+00
   4.9072615e+00
   4.9082376e+00
   4.9092138e+00
   4.9101900e+00
   4.9111662e+00
   4.9121424e+00
   4.9131186e+00
   4.9140948e+00
   4.9150710e+00
   4.9160472e+00
   4.9170234e+00
   4.9179996e+00
   4.9189758e+00
   4.9199520e+00
   4.9209282e+00
   4.9219044e+00
   4.9228806e+00
   4.9238568e+00
   4.9248330e+00
   4.9258092e+00
   4.9267854e+00
   4.9277616e+00
   4.9287377e+00
   4.9297139e+00
   4.9306901e+00
   4.9316663e+00
   4.9326425e+00
   4.9336187e+00
   4.9345949e+00
   4.9355711e+00
   4.9365473e+00
   4.9375235e+00
   4.9384997e+00
   4.9394759e+00
   4.9404521e+00
   4.9414283e+00
   4.9424045e+00
   4.9433807e+00
   4.9443569e+00
   4.9453331e+00
   4.9463093e+00
   4.9472855e+00
   4.9482617e+00
   4.9492378e+00
   4.9502140e+00
   4.9511902e+00
   4.9521664e+00
   4.9531426e+00
   4.9541188e+00
   4.9550950e+00
   4.9560712e+00
   4.9570474e+00
   4.9580236e+00
   4.9589998e+00
   4.9599760e+00
   4.9609522e+00
   4.9619284e+00
   4.9629046e+00
   4.9638808e+00
   4.9648570e+00
   4.9658332e+00
   4.9668094e+00
   4.9677856e+00
   4.9687618e+00
   4.9697379e+00
   4.9707141e+00
   4.9716903e+00
   4.9726665e+00
   4.9736427e+00
   4.9746189e+00
   4.9755951e+00
   4.9765713e+00
   4.9775475e+00
   4.9785237e+00
   4.9794999e+00
   4.9804761e+00
   4.9814523e+00
   4.9824285e+00
   4.9834047e+00
   4.9843809e+00
   4.9853571e+00
   4.9863333e+00
   4.9873095e+00
   4.9882857e+00
   4.9892619e+00
   4.9902380e+00
   4.9912142e+00
   4.9921904e+00
   4.9931666e+00
   4.9941428e+00
   4.9951190e+00
   4.9960952e+00
   4.9970714e+00
   4.9980476e+00
   4.9990238e+00
   5.0000000e+00
