0.201999
0.203998
0.205998
0.207997
0.209996
0.211995
0.213994
0.215994
0.217993
0.219992
0.221991
0.22399
0.22599
0.227989
0.229988
0.231987
0.233986
0.235986
0.237985
0.239984
0.241983
0.243982
0.245982
0.247981
0.24998
0.251979
0.253978
0.255978
0.257977
0.259976
0.261975
0.263974
0.265974
0.267973
0.269972
0.271971
0.27397
0.27597
0.277969
0.279968
0.281967
0.283966
0.285966
0.287965
0.289964
0.291963
0.293962
0.295962
0.297961
0.29996
0.301959
0.303958
0.305958
0.307957
0.309956
0.311955
0.313954
0.315954
0.317953
0.319952
0.321951
0.32395
0.32595
0.327949
0.329948
0.331947
0.333946
0.335946
0.337945
0.339944
0.341943
0.343942
0.345942
0.347941
0.34994
0.351939
0.353938
0.355938
0.357937
0.359936
0.361935
0.363934
0.365934
0.367933
0.369932
0.371931
0.37393
0.37593
0.377929
0.379928
0.381927
0.383926
0.385926
0.387925
0.389924
0.391923
0.393922
0.395922
0.397921
0.39992
0.401919
0.403918
0.405918
0.407917
0.409916
0.411915
0.413914
0.415914
0.417913
0.419912
0.421911
0.42391
0.42591
0.427909
0.429908
0.431907
0.433906
0.435906
0.437905
0.439904
0.441903
0.443902
0.445902
0.447901
0.4499
0.451899
0.453898
0.455898
0.457897
0.459896
0.461895
0.463894
0.465894
0.467893
0.469892
0.471891
0.47389
0.47589
0.477889
0.479888
0.481887
0.483886
0.485886
0.487885
0.489884
0.491883
0.493882
0.495882
0.497881
0.49988
0.501879
0.503878
0.505878
0.507877
0.509876
0.511875
0.513874
0.515874
0.517873
0.519872
0.521871
0.52387
0.52587
0.527869
0.529868
0.531867
0.533866
0.535866
0.537865
0.539864
0.541863
0.543862
0.545862
0.547861
0.54986
0.551859
0.553858
0.555858
0.557857
0.559856
0.561855
0.563854
0.565854
0.567853
0.569852
0.571851
0.57385
0.57585
0.577849
0.579848
0.581847
0.583846
0.585846
0.587845
0.589844
0.591843
0.593842
0.595842
0.597841
0.59984
0.601839
0.603838
0.605838
0.607837
0.609836
0.611835
0.613834
0.615834
0.617833
0.619832
0.621831
0.62383
0.62583
0.627829
0.629828
0.631827
0.633826
0.635826
0.637825
0.639824
0.641823
0.643822
0.645822
0.647821
0.64982
0.651819
0.653818
0.655818
0.657817
0.659816
0.661815
0.663814
0.665814
0.667813
0.669812
0.671811
0.67381
0.67581
0.677809
0.679808
0.681807
0.683806
0.685806
0.687805
0.689804
0.691803
0.693802
0.695802
0.697801
0.6998
0.701799
0.703798
0.705798
0.707797
0.709796
0.711795
0.713794
0.715794
0.717793
0.719792
0.721791
0.72379
0.72579
0.727789
0.729788
0.731787
0.733786
0.735786
0.737785
0.739784
0.741783
0.743782
0.745782
0.747781
0.74978
0.751779
0.753779
0.755778
0.757777
0.759776
0.761775
0.763775
0.765774
0.767773
0.769772
0.771771
0.773771
0.77577
0.777769
0.779768
0.781767
0.783767
0.785766
0.787765
0.789764
0.791763
0.793763
0.795762
0.797761
0.79976
0.801759
0.803759
0.805758
0.807757
0.809756
0.811755
0.813754
0.815754
0.817753
0.819752
0.821751
0.82375
0.82575
0.827749
0.829748
0.831747
0.833746
0.835746
0.837745
0.839744
0.841743
0.843742
0.845742
0.847741
0.84974
0.851739
0.853738
0.855738
0.857737
0.859736
0.861735
0.863734
0.865734
0.867733
0.869732
0.871731
0.87373
0.87573
0.877729
0.879728
0.881727
0.883727
0.885726
0.887725
0.889724
0.891723
0.893723
0.895722
0.897721
0.89972
0.901719
0.903719
0.905718
0.907717
0.909716
0.911715
0.913715
0.915714
0.917713
0.919712
0.921711
0.923711
0.92571
0.927709
0.929708
0.931707
0.933707
0.935706
0.937705
0.939704
0.941703
0.943703
0.945702
0.947701
0.9497
0.951699
0.953699
0.955698
0.957697
0.959696
0.961695
0.963695
0.965694
0.967693
0.969692
0.971691
0.973691
0.97569
0.977689
0.979688
0.981687
0.983687
0.985686
0.987685
0.989684
0.991683
0.993683
0.995682
0.997681
0.99968
1.00168
1.00368
1.00568
1.00768
1.00968
1.01168
1.01367
1.01567
1.01767
1.01967
1.02167
1.02367
1.02567
1.02767
1.02967
1.03167
1.03367
1.03567
1.03766
1.03966
1.04166
1.04366
1.04566
1.04766
1.04966
1.05166
1.05366
1.05566
1.05766
1.05966
1.06166
1.06365
1.06565
1.06765
1.06965
1.07165
1.07365
1.07565
1.07765
1.07965
1.08165
1.08365
1.08565
1.08764
1.08964
1.09164
1.09364
1.09564
1.09764
1.09964
1.10164
1.10364
1.10564
1.10764
1.10964
1.11164
1.11363
1.11563
1.11763
1.11963
1.12163
1.12363
1.12563
1.12763
1.12963
1.13163
1.13363
1.13563
1.13762
1.13962
1.14162
1.14362
1.14562
1.14762
1.14962
1.15162
1.15362
1.15562
1.15762
1.15962
1.16162
1.16361
1.16561
1.16761
1.16961
1.17161
1.17361
1.17561
1.17761
1.17961
1.18161
1.18361
1.18561
1.1876
1.1896
1.1916
1.1936
1.1956
1.1976
1.1996
1.2016
1.2036
1.2056
1.2076
1.2096
1.2116
1.21359
1.21559
1.21759
1.21959
1.22159
1.22359
1.22559
1.22759
1.22959
1.23159
1.23359
1.23559
1.23758
1.23958
1.24158
1.24358
1.24558
1.24758
1.24958
1.25158
1.25358
1.25558
1.25758
1.25958
1.26158
1.26357
1.26557
1.26757
1.26957
1.27157
1.27357
1.27557
1.27757
1.27957
1.28157
1.28357
1.28557
1.28756
1.28956
1.29156
1.29356
1.29556
1.29756
1.29956
1.30156
1.30356
1.30556
1.30756
1.30956
1.31156
1.31355
1.31555
1.31755
1.31955
1.32155
1.32355
1.32555
1.32755
1.32955
1.33155
1.33355
1.33555
1.33755
1.33954
1.34154
1.34354
1.34554
1.34754
1.34954
1.35154
1.35354
1.35554
1.35754
1.35954
1.36154
1.36353
1.36553
1.36753
1.36953
1.37153
1.37353
1.37553
1.37753
1.37953
1.38153
1.38353
1.38553
1.38752
1.38952
1.39152
1.39352
1.39552
1.39752
1.39952
1.40152
1.40352
1.40552
1.40752
1.40952
1.41152
1.41351
1.41551
1.41751
1.41951
1.42151
1.42351
1.42551
1.42751
1.42951
1.43151
1.43351
1.43551
1.43751
1.4395
1.4415
1.4435
1.4455
1.4475
1.4495
1.4515
1.4535
1.4555
1.4575
1.4595
1.4615
1.46349
1.46549
1.46749
1.46949
1.47149
1.47349
1.47549
1.47749
1.47949
1.48149
1.48349
1.48549
1.48749
1.48948
1.49148
1.49348
1.49548
1.49748
1.49948
1.50148
1.50348
1.50548
1.50748
1.50948
1.51148
1.51347
1.51547
1.51747
1.51947
1.52147
1.52347
1.52547
1.52747
1.52947
1.53147
1.53347
1.53547
1.53746
1.53946
1.54146
1.54346
1.54546
1.54746
1.54946
1.55146
1.55346
1.55546
1.55746
1.55946
1.56146
1.56345
1.56545
1.56745
1.56945
1.57145
1.57345
1.57545
1.57745
1.57945
1.58145
1.58345
1.58545
1.58745
1.58944
1.59144
1.59344
1.59544
1.59744
1.59944
1.60144
1.60344
1.60544
1.60744
1.60944
1.61144
1.61343
1.61543
1.61743
1.61943
1.62143
1.62343
1.62543
1.62743
1.62943
1.63143
1.63343
1.63543
1.63743
1.63942
1.64142
1.64342
1.64542
1.64742
1.64942
1.65142
1.65342
1.65542
1.65742
1.65942
1.66142
1.66341
1.66541
1.66741
1.66941
1.67141
1.67341
1.67541
1.67741
1.67941
1.68141
1.68341
1.68541
1.6874
1.6894
1.6914
1.6934
1.6954
1.6974
1.6994
1.7014
1.7034
1.7054
1.7074
1.7094
1.7114
1.71339
1.71539
1.71739
1.71939
1.72139
1.72339
1.72539
1.72739
1.72939
1.73139
1.73339
1.73539
1.73739
1.73938
1.74138
1.74338
1.74538
1.74738
1.74938
1.75138
1.75338
1.75538
1.75738
1.75938
1.76138
1.76337
1.76537
1.76737
1.76937
1.77137
1.77337
1.77537
1.77737
1.77937
1.78137
1.78337
1.78537
1.78737
1.78936
1.79136
1.79336
1.79536
1.79736
1.79936
1.80136
1.80336
1.80536
1.80736
1.80936
1.81136
1.81335
1.81535
1.81735
1.81935
1.82135
1.82335
1.82535
1.82735
1.82935
1.83135
1.83335
1.83535
1.83735
1.83934
1.84134
1.84334
1.84534
1.84734
1.84934
1.85134
1.85334
1.85534
1.85734
1.85934
1.86134
1.86333
1.86533
1.86733
1.86933
1.87133
1.87333
1.87533
1.87733
1.87933
1.88133
1.88333
1.88533
1.88733
1.88932
1.89132
1.89332
1.89532
1.89732
1.89932
1.90132
1.90332
1.90532
1.90732
1.90932
1.91132
1.91331
1.91531
1.91731
1.91931
1.92131
1.92331
1.92531
1.92731
1.92931
1.93131
1.93331
1.93531
1.93731
1.9393
1.9413
1.9433
1.9453
1.9473
1.9493
1.9513
1.9533
1.9553
1.9573
1.9593
1.9613
1.96329
1.96529
1.96729
1.96929
1.97129
1.97329
1.97529
1.97729
1.97929
1.98129
1.98329
1.98529
1.98729
1.98928
1.99128
1.99328
1.99528
1.99728
1.99928
2.00128
2.00328
2.00528
2.00728
2.00928
2.01128
2.01327
2.01527
2.01727
2.01927
2.02127
2.02327
2.02527
2.02727
2.02927
2.03127
2.03327
2.03527
2.03727
2.03926
2.04126
2.04326
2.04526
2.04726
2.04926
2.05126
2.05326
2.05526
2.05726
2.05926
2.06126
2.06325
2.06525
2.06725
2.06925
2.07125
2.07325
2.07525
2.07725
2.07925
2.08125
2.08325
2.08525
2.08724
2.08924
2.09124
2.09324
2.09524
2.09724
2.09924
2.10124
2.10324
2.10524
2.10724
2.10924
2.11124
2.11323
2.11523
2.11723
2.11923
2.12123
2.12323
2.12523
2.12723
2.12923
2.13123
2.13323
2.13523
2.13723
2.13922
2.14122
2.14322
2.14522
2.14722
2.14922
2.15122
2.15322
2.15522
2.15722
2.15922
2.16122
2.16321
2.16521
2.16721
2.16921
2.17121
2.17321
2.17521
2.17721
2.17921
2.18121
2.18321
2.18521
2.18721
2.1892
2.1912
2.1932
2.1952
2.1972
2.1992
2.2012
2.2032
2.2052
2.2072
2.2092
2.2112
2.21319
2.21519
2.21719
2.21919
2.22119
2.22319
2.22519
2.22719
2.22919
2.23119
2.23319
2.23519
2.23719
2.23918
2.24118
2.24318
2.24518
2.24718
2.24918
2.25118
2.25318
2.25518
2.25718
2.25918
2.26118
2.26317
2.26517
2.26717
2.26917
2.27117
2.27317
2.27517
2.27717
2.27917
2.28117
2.28317
2.28517
2.28717
2.28916
2.29116
2.29316
2.29516
2.29716
2.29916
2.30116
2.30316
2.30516
2.30716
2.30916
2.31116
2.31315
2.31515
2.31715
2.31915
2.32115
2.32315
2.32515
2.32715
2.32915
2.33115
2.33315
2.33515
2.33715
2.33914
2.34114
2.34314
2.34514
2.34714
2.34914
2.35114
2.35314
2.35514
2.35714
2.35914
2.36114
2.36313
2.36513
2.36713
2.36913
2.37113
2.37313
2.37513
2.37713
2.37913
2.38113
2.38313
2.38513
2.38713
2.38912
2.39112
2.39312
2.39512
2.39712
2.39912
2.40112
2.40312
2.40512
2.40712
2.40912
2.41112
2.41311
2.41511
2.41711
2.41911
2.42111
2.42311
2.42511
2.42711
2.42911
2.43111
2.43311
2.43511
2.43711
2.4391
2.4411
2.4431
2.4451
2.4471
2.4491
2.4511
2.4531
2.4551
2.4571
2.4591
2.4611
2.46309
2.46509
2.46709
2.46909
2.47109
2.47309
2.47509
2.47709
2.47909
2.48109
2.48309
2.48509
2.48709
2.48908
2.49108
2.49308
2.49508
2.49708
2.49908
2.50108
2.50308
2.50508
2.50708
2.50908
2.51108
2.51307
2.51507
2.51707
2.51907
2.52107
2.52307
2.52507
2.52707
2.52907
2.53107
2.53307
2.53507
2.53707
2.53906
2.54106
2.54306
2.54506
2.54706
2.54906
2.55106
2.55306
2.55506
2.55706
2.55906
2.56106
2.56305
2.56505
2.56705
2.56905
2.57105
2.57305
2.57505
2.57705
2.57905
2.58105
2.58305
2.58505
2.58705
2.58904
2.59104
2.59304
2.59504
2.59704
2.59904
2.60104
2.60304
2.60504
2.60704
2.60904
2.61104
2.61303
2.61503
2.61703
2.61903
2.62103
2.62303
2.62503
2.62703
2.62903
2.63103
2.63303
2.63503
2.63703
2.63902
2.64102
2.64302
2.64502
2.64702
2.64902
2.65102
2.65302
2.65502
2.65702
2.65902
2.66102
2.66301
2.66501
2.66701
2.66901
2.67101
2.67301
2.67501
2.67701
2.67901
2.68101
2.68301
2.68501
2.68701
2.689
2.691
2.693
2.695
2.697
2.699
2.701
2.703
2.705
2.707
2.709
2.711
2.71299
2.71499
2.71699
2.71899
2.72099
2.72299
2.72499
2.72699
2.72899
2.73099
2.73299
2.73499
2.73699
2.73898
2.74098
2.74298
2.74498
2.74698
2.74898
2.75098
2.75298
2.75498
2.75698
2.75898
2.76098
2.76297
2.76497
2.76697
2.76897
2.77097
2.77297
2.77497
2.77697
2.77897
2.78097
2.78297
2.78497
2.78697
2.78896
2.79096
2.79296
2.79496
2.79696
2.79896
2.80096
2.80296
2.80496
2.80696
2.80896
2.81096
2.81295
2.81495
2.81695
2.81895
2.82095
2.82295
2.82495
2.82695
2.82895
2.83095
2.83295
2.83495
2.83695
2.83894
2.84094
2.84294
2.84494
2.84694
2.84894
2.85094
2.85294
2.85494
2.85694
2.85894
2.86094
2.86293
2.86493
2.86693
2.86893
2.87093
2.87293
2.87493
2.87693
2.87893
2.88093
2.88293
2.88493
2.88693
2.88892
2.89092
2.89292
2.89492
2.89692
2.89892
2.90092
2.90292
2.90492
2.90692
2.90892
2.91092
2.91291
2.91491
2.91691
2.91891
2.92091
2.92291
2.92491
2.92691
2.92891
2.93091
2.93291
2.93491
2.93691
2.9389
2.9409
2.9429
2.9449
2.9469
2.9489
2.9509
2.9529
2.9549
2.9569
2.9589
2.9609
2.96289
2.96489
2.96689
2.96889
2.97089
2.97289
2.97489
2.97689
2.97889
2.98089
2.98289
2.98489
2.98689
2.98888
2.99088
2.99288
2.99488
2.99688
2.99888
3.00088
3.00288
3.00488
3.00688
3.00888
3.01088
3.01287
3.01487
3.01687
3.01887
3.02087
3.02287
3.02487
3.02687
3.02887
3.03087
3.03287
3.03487
3.03687
3.03886
3.04086
3.04286
3.04486
3.04686
3.04886
3.05086
3.05286
3.05486
3.05686
3.05886
3.06086
3.06285
3.06485
3.06685
3.06885
3.07085
3.07285
3.07485
3.07685
3.07885
3.08085
3.08285
3.08485
3.08685
3.08884
3.09084
3.09284
3.09484
3.09684
3.09884
3.10084
3.10284
3.10484
3.10684
3.10884
3.11084
3.11283
3.11483
3.11683
3.11883
3.12083
3.12283
3.12483
3.12683
3.12883
3.13083
3.13283
3.13483
3.13683
3.13882
3.14082
3.14282
3.14482
3.14682
3.14882
3.15082
3.15282
3.15482
3.15682
3.15882
3.16082
3.16281
3.16481
3.16681
3.16881
3.17081
3.17281
3.17481
3.17681
3.17881
3.18081
3.18281
3.18481
3.18681
3.1888
3.1908
3.1928
3.1948
3.1968
3.1988
3.2008
3.2028
3.2048
3.2068
3.2088
3.2108
3.21279
3.21479
3.21679
3.21879
3.22079
3.22279
3.22479
3.22679
3.22879
3.23079
3.23279
3.23479
3.23679
3.23878
3.24078
3.24278
3.24478
3.24678
3.24878
3.25078
3.25278
3.25478
3.25678
3.25878
3.26078
3.26277
3.26477
3.26677
3.26877
3.27077
3.27277
3.27477
3.27677
3.27877
3.28077
3.28277
3.28477
3.28677
3.28876
3.29076
3.29276
3.29476
3.29676
3.29876
3.30076
3.30276
3.30476
3.30676
3.30876
3.31076
3.31275
3.31475
3.31675
3.31875
3.32075
3.32275
3.32475
3.32675
3.32875
3.33075
3.33275
3.33475
3.33675
3.33874
3.34074
3.34274
3.34474
3.34674
3.34874
3.35074
3.35274
3.35474
3.35674
3.35874
3.36074
3.36273
3.36473
3.36673
3.36873
3.37073
3.37273
3.37473
3.37673
3.37873
3.38073
3.38273
3.38473
3.38673
3.38872
3.39072
3.39272
3.39472
3.39672
3.39872
3.40072
3.40272
3.40472
3.40672
3.40872
3.41072
3.41271
3.41471
3.41671
3.41871
3.42071
3.42271
3.42471
3.42671
3.42871
3.43071
3.43271
3.43471
3.43671
3.4387
3.4407
3.4427
3.4447
3.4467
3.4487
3.4507
3.4527
3.4547
3.4567
3.4587
3.4607
3.46269
3.46469
3.46669
3.46869
3.47069
3.47269
3.47469
3.47669
3.47869
3.48069
3.48269
3.48469
3.48669
3.48868
3.49068
3.49268
3.49468
3.49668
3.49868
3.50068
3.50268
3.50468
3.50668
3.50868
3.51068
3.51268
3.51467
3.51667
3.51867
3.52067
3.52267
3.52467
3.52667
3.52867
3.53067
3.53267
3.53467
3.53667
3.53866
3.54066
3.54266
3.54466
3.54666
3.54866
3.55066
3.55266
3.55466
3.55666
3.55866
3.56066
3.56265
3.56465
3.56665
3.56865
3.57065
3.57265
3.57465
3.57665
3.57865
3.58065
3.58265
3.58465
3.58665
3.58864
3.59064
3.59264
3.59464
3.59664
3.59864
3.60064
3.60264
3.60464
3.60664
3.60864
3.61064
3.61263
3.61463
3.61663
3.61863
3.62063
3.62263
3.62463
3.62663
3.62863
3.63063
3.63263
3.63463
3.63663
3.63862
3.64062
3.64262
3.64462
3.64662
3.64862
3.65062
3.65262
3.65462
3.65662
3.65862
3.66062
3.66262
3.66461
3.66661
3.66861
3.67061
3.67261
3.67461
3.67661
3.67861
3.68061
3.68261
3.68461
3.68661
3.6886
3.6906
3.6926
3.6946
3.6966
3.6986
3.7006
3.7026
3.7046
3.7066
3.7086
3.7106
3.71259
3.71459
3.71659
3.71859
3.72059
3.72259
3.72459
3.72659
3.72859
3.73059
3.73259
3.73459
3.73659
3.73858
3.74058
3.74258
3.74458
3.74658
3.74858
3.75058
3.75258
3.75458
3.75658
3.75858
3.76058
3.76257
3.76457
3.76657
3.76857
3.77057
3.77257
3.77457
3.77657
3.77857
3.78057
3.78257
3.78457
3.78657
3.78856
3.79056
3.79256
3.79456
3.79656
3.79856
3.80056
3.80256
3.80456
3.80656
3.80856
3.81056
3.81256
3.81455
3.81655
3.81855
3.82055
3.82255
3.82455
3.82655
3.82855
3.83055
3.83255
3.83455
3.83655
3.83854
3.84054
3.84254
3.84454
3.84654
3.84854
3.85054
3.85254
3.85454
3.85654
3.85854
3.86054
3.86253
3.86453
3.86653
3.86853
3.87053
3.87253
3.87453
3.87653
3.87853
3.88053
3.88253
3.88453
3.88653
3.88852
3.89052
3.89252
3.89452
3.89652
3.89852
3.90052
3.90252
3.90452
3.90652
3.90852
3.91052
3.91251
3.91451
3.91651
3.91851
3.92051
3.92251
3.92451
3.92651
3.92851
3.93051
3.93251
3.93451
3.93651
3.9385
3.9405
3.9425
3.9445
3.9465
3.9485
3.9505
3.9525
3.9545
3.9565
3.9585
3.9605
3.9625
3.96449
3.96649
3.96849
3.97049
3.97249
3.97449
3.97649
3.97849
3.98049
3.98249
3.98449
3.98649
3.98848
3.99048
3.99248
3.99448
3.99648
3.99848
4.00048
4.00248
4.00448
4.00648
4.00848
4.01048
4.01248
4.01447
4.01647
4.01847
4.02047
4.02247
4.02447
4.02647
4.02847
4.03047
4.03247
4.03447
4.03647
4.03846
4.04046
4.04246
4.04446
4.04646
4.04846
4.05046
4.05246
4.05446
4.05646
4.05846
4.06046
4.06246
4.06445
4.06645
4.06845
4.07045
4.07245
4.07445
4.07645
4.07845
4.08045
4.08245
4.08445
4.08645
4.08844
4.09044
4.09244
4.09444
4.09644
4.09844
4.10044
4.10244
4.10444
4.10644
4.10844
4.11044
4.11243
4.11443
4.11643
4.11843
4.12043
4.12243
4.12443
4.12643
4.12843
4.13043
4.13243
4.13443
4.13643
4.13842
4.14042
4.14242
4.14442
4.14642
4.14842
4.15042
4.15242
4.15442
4.15642
4.15842
4.16042
4.16242
4.16441
4.16641
4.16841
4.17041
4.17241
4.17441
4.17641
4.17841
4.18041
4.18241
4.18441
4.18641
4.1884
4.1904
4.1924
4.1944
4.1964
4.1984
4.2004
4.2024
4.2044
4.2064
4.2084
4.2104
4.2124
4.21439
4.21639
4.21839
4.22039
4.22239
4.22439
4.22639
4.22839
4.23039
4.23239
4.23439
4.23639
4.23838
4.24038
4.24238
4.24438
4.24638
4.24838
4.25038
4.25238
4.25438
4.25638
4.25838
4.26038
4.26237
4.26437
4.26637
4.26837
4.27037
4.27237
4.27437
4.27637
4.27837
4.28037
4.28237
4.28437
4.28637
4.28836
4.29036
4.29236
4.29436
4.29636
4.29836
4.30036
4.30236
4.30436
4.30636
4.30836
4.31036
4.31236
4.31435
4.31635
4.31835
4.32035
4.32235
4.32435
4.32635
4.32835
4.33035
4.33235
4.33435
4.33635
4.33834
4.34034
4.34234
4.34434
4.34634
4.34834
4.35034
4.35234
4.35434
4.35634
4.35834
4.36034
4.36234
4.36433
4.36633
4.36833
4.37033
4.37233
4.37433
4.37633
4.37833
4.38033
4.38233
4.38433
4.38633
4.38832
4.39032
4.39232
4.39432
4.39632
4.39832
4.40032
4.40232
4.40432
4.40632
4.40832
4.41032
4.41231
4.41431
4.41631
4.41831
4.42031
4.42231
4.42431
4.42631
4.42831
4.43031
4.43231
4.43431
4.43631
4.4383
4.4403
4.4423
4.4443
4.4463
4.4483
4.4503
4.4523
4.4543
4.4563
4.4583
4.4603
4.4623
4.46429
4.46629
4.46829
4.47029
4.47229
4.47429
4.47629
4.47829
4.48029
4.48229
4.48429
4.48629
4.48828
4.49028
4.49228
4.49428
4.49628
4.49828
4.50028
4.50228
4.50428
4.50628
4.50828
4.51028
4.51228
4.51427
4.51627
4.51827
4.52027
4.52227
4.52427
4.52627
4.52827
4.53027
4.53227
4.53427
4.53627
4.53826
4.54026
4.54226
4.54426
4.54626
4.54826
4.55026
4.55226
4.55426
4.55626
4.55826
4.56026
4.56225
4.56425
4.56625
4.56825
4.57025
4.57225
4.57425
4.57625
4.57825
4.58025
4.58225
4.58425
4.58625
4.58824
4.59024
4.59224
4.59424
4.59624
4.59824
4.60024
4.60224
4.60424
4.60624
4.60824
4.61024
4.61224
4.61423
4.61623
4.61823
4.62023
4.62223
4.62423
4.62623
4.62823
4.63023
4.63223
4.63423
4.63623
4.63822
4.64022
4.64222
4.64422
4.64622
4.64822
4.65022
4.65222
4.65422
4.65622
4.65822
4.66022
4.66222
4.66421
4.66621
4.66821
4.67021
4.67221
4.67421
4.67621
4.67821
4.68021
4.68221
4.68421
4.68621
4.6882
4.6902
4.6922
4.6942
4.6962
4.6982
4.7002
4.7022
4.7042
4.7062
4.7082
4.7102
4.71219
4.71419
4.71619
4.71819
4.72019
4.72219
4.72419
4.72619
4.72819
4.73019
4.73219
4.73419
4.73619
4.73818
4.74018
4.74218
4.74418
4.74618
4.74818
4.75018
4.75218
4.75418
4.75618
4.75818
4.76018
4.76218
4.76417
4.76617
4.76817
4.77017
4.77217
4.77417
4.77617
4.77817
4.78017
4.78217
4.78417
4.78617
4.78816
4.79016
4.79216
4.79416
4.79616
4.79816
4.80016
4.80216
4.80416
4.80616
4.80816
4.81016
4.81216
4.81415
4.81615
4.81815
4.82015
4.82215
4.82415
4.82615
4.82815
4.83015
4.83215
4.83415
4.83615
4.83814
4.84014
4.84214
4.84414
4.84614
4.84814
4.85014
4.85214
4.85414
4.85614
4.85814
4.86014
4.86213
4.86413
4.86613
4.86813
4.87013
4.87213
4.87413
4.87613
4.87813
4.88013
4.88213
4.88413
4.88613
4.88812
4.89012
4.89212
4.89412
4.89612
4.89812
4.90012
4.90212
4.90412
4.90612
4.90812
4.91012
4.91212
4.91411
4.91611
4.91811
4.92011
4.92211
4.92411
4.92611
4.92811
4.93011
4.93211
4.93411
4.93611
4.9381
4.9401
4.9421
4.9441
4.9461
4.9481
4.9501
4.9521
4.9541
4.9561
4.9581
4.9601
4.9621
4.96409
4.96609
4.96809
4.97009
4.97209
4.97409
4.97609
4.97809
4.98009
4.98209
4.98409
4.98609
4.98808
4.99008
4.99208
4.99408
4.99608
4.99808
5.00008
5.00208
5.00408
5.00608
5.00808
5.01008
5.01207
5.01407
5.01607
5.01807
5.02007
5.02207
5.02407
5.02607
5.02807
5.03007
5.03207
5.03407
5.03607
5.03806
5.04006
5.04206
5.04406
5.04606
5.04806
5.05006
5.05206
5.05406
5.05606
5.05806
5.06006
5.06206
5.06405
5.06605
5.06805
5.07005
5.07205
5.07405
5.07605
5.07805
5.08005
5.08205
5.08405
5.08605
5.08804
5.09004
5.09204
5.09404
5.09604
5.09804
5.10004
5.10204
5.10404
5.10604
5.10804
5.11004
5.11204
5.11403
5.11603
5.11803
5.12003
5.12203
5.12403
5.12603
5.12803
5.13003
5.13203
5.13403
5.13603
5.13802
5.14002
5.14202
5.14402
5.14602
5.14802
5.15002
5.15202
5.15402
5.15602
5.15802
5.16002
5.16201
5.16401
5.16601
5.16801
5.17001
5.17201
5.17401
5.17601
5.17801
5.18001
5.18201
5.18401
5.18601
5.188
5.19
5.192
5.194
5.196
5.198
5.2
5.202
5.204
5.206
5.208
5.21
5.212
5.21399
5.21599
5.21799
5.21999
5.22199
5.22399
5.22599
5.22799
5.22999
5.23199
5.23399
5.23599
5.23798
5.23998
5.24198
5.24398
5.24598
5.24798
5.24998
5.25198
5.25398
5.25598
5.25798
5.25998
5.26198
5.26397
5.26597
5.26797
5.26997
5.27197
5.27397
5.27597
5.27797
5.27997
5.28197
5.28397
5.28597
5.28796
5.28996
5.29196
5.29396
5.29596
5.29796
5.29996
5.30196
5.30396
5.30596
5.30796
5.30996
5.31196
5.31395
5.31595
5.31795
5.31995
5.32195
5.32395
5.32595
5.32795
5.32995
5.33195
5.33395
5.33595
5.33794
5.33994
5.34194
5.34394
5.34594
5.34794
5.34994
5.35194
5.35394
5.35594
5.35794
5.35994
5.36194
5.36393
5.36593
5.36793
5.36993
5.37193
5.37393
5.37593
5.37793
5.37993
5.38193
5.38393
5.38593
5.38792
5.38992
5.39192
5.39392
5.39592
5.39792
5.39992
5.40192
5.40392
5.40592
5.40792
5.40992
5.41192
5.41391
5.41591
5.41791
5.41991
5.42191
5.42391
5.42591
5.42791
5.42991
5.43191
5.43391
5.43591
5.4379
5.4399
5.4419
5.4439
5.4459
5.4479
5.4499
5.4519
5.4539
5.4559
5.4579
5.4599
5.4619
5.46389
5.46589
5.46789
5.46989
5.47189
5.47389
5.47589
5.47789
5.47989
5.48189
5.48389
5.48589
5.48788
5.48988
5.49188
5.49388
5.49588
5.49788
5.49988
5.50188
5.50388
5.50588
5.50788
5.50988
5.51188
5.51387
5.51587
5.51787
5.51987
5.52187
5.52387
5.52587
5.52787
5.52987
5.53187
5.53387
5.53587
5.53786
5.53986
5.54186
5.54386
5.54586
5.54786
5.54986
5.55186
5.55386
5.55586
5.55786
5.55986
5.56186
5.56385
5.56585
5.56785
5.56985
5.57185
5.57385
5.57585
5.57785
5.57985
5.58185
5.58385
5.58585
5.58784
5.58984
5.59184
5.59384
5.59584
5.59784
5.59984
5.60184
5.60384
5.60584
5.60784
5.60984
5.61184
5.61383
5.61583
5.61783
5.61983
5.62183
5.62383
5.62583
5.62783
5.62983
5.63183
5.63383
5.63583
5.63783
5.63982
5.64182
5.64382
5.64582
5.64782
5.64982
5.65182
5.65382
5.65582
5.65782
5.65982
5.66182
5.66381
5.66581
5.66781
5.66981
5.67181
5.67381
5.67581
5.67781
5.67981
5.68181
5.68381
5.68581
5.6878
5.6898
5.6918
5.6938
5.6958
5.6978
5.6998
5.7018
5.7038
5.7058
5.7078
5.7098
5.7118
5.71379
5.71579
5.71779
5.71979
5.72179
5.72379
5.72579
5.72779
5.72979
5.73179
5.73379
5.73579
5.73778
5.73978
5.74178
5.74378
5.74578
5.74778
5.74978
5.75178
5.75378
5.75578
5.75778
5.75978
5.76178
5.76377
5.76577
5.76777
5.76977
5.77177
5.77377
5.77577
5.77777
5.77977
5.78177
5.78377
5.78577
5.78777
5.78976
5.79176
5.79376
5.79576
5.79776
5.79976
5.80176
5.80376
5.80576
5.80776
5.80976
5.81176
5.81375
5.81575
5.81775
5.81975
5.82175
5.82375
5.82575
5.82775
5.82975
5.83175
5.83375
5.83575
5.83774
5.83974
5.84174
5.84374
5.84574
5.84774
5.84974
5.85174
5.85374
5.85574
5.85774
5.85974
5.86174
5.86373
5.86573
5.86773
5.86973
5.87173
5.87373
5.87573
5.87773
5.87973
5.88173
5.88373
5.88573
5.88772
5.88972
5.89172
5.89372
5.89572
5.89772
5.89972
5.90172
5.90372
5.90572
5.90772
5.90972
5.91172
5.91371
5.91571
5.91771
5.91971
5.92171
5.92371
5.92571
5.92771
5.92971
5.93171
5.93371
5.93571
5.93771
5.9397
5.9417
5.9437
5.9457
5.9477
5.9497
5.9517
5.9537
5.9557
5.9577
5.9597
5.9617
5.96369
5.96569
5.96769
5.96969
5.97169
5.97369
5.97569
5.97769
5.97969
5.98169
5.98369
5.98569
5.98768
5.98968
5.99168
5.99368
5.99568
5.99768
5.99968
6.00168
6.00368
6.00568
6.00768
6.00968
6.01168
6.01367
6.01567
6.01767
6.01967
6.02167
6.02367
6.02567
6.02767
6.02967
6.03167
6.03367
6.03567
6.03766
6.03966
6.04166
6.04366
6.04566
6.04766
6.04966
6.05166
6.05366
6.05566
6.05766
6.05966
6.06166
6.06365
6.06565
6.06765
6.06965
6.07165
6.07365
6.07565
6.07765
6.07965
6.08165
6.08365
6.08565
6.08765
6.08964
6.09164
6.09364
6.09564
6.09764
6.09964
6.10164
6.10364
6.10564
6.10764
6.10964
6.11164
6.11363
6.11563
6.11763
6.11963
6.12163
6.12363
6.12563
6.12763
6.12963
6.13163
6.13363
6.13563
6.13762
6.13962
6.14162
6.14362
6.14562
6.14762
6.14962
6.15162
6.15362
6.15562
6.15762
6.15962
6.16162
6.16361
6.16561
6.16761
6.16961
6.17161
6.17361
6.17561
6.17761
6.17961
6.18161
6.18361
6.18561
6.1876
6.1896
6.1916
6.1936
6.1956
6.1976
6.1996
6.2016
6.2036
6.2056
6.2076
6.2096
6.2116
6.21359
6.21559
6.21759
6.21959
6.22159
6.22359
6.22559
6.22759
6.22959
6.23159
6.23359
6.23559
6.23759
6.23958
6.24158
6.24358
6.24558
6.24758
6.24958
6.25158
6.25358
6.25558
6.25758
6.25958
6.26158
6.26357
6.26557
6.26757
6.26957
6.27157
6.27357
6.27557
6.27757
6.27957
6.28157
6.28357
6.28557
6.28756
6.28956
6.29156
6.29356
6.29556
6.29756
6.29956
6.30156
6.30356
6.30556
6.30756
6.30956
6.31156
6.31355
6.31555
6.31755
6.31955
6.32155
6.32355
6.32555
6.32755
6.32955
6.33155
6.33355
6.33555
6.33754
6.33954
6.34154
6.34354
6.34554
6.34754
6.34954
6.35154
6.35354
6.35554
6.35754
6.35954
6.36154
6.36353
6.36553
6.36753
6.36953
6.37153
6.37353
6.37553
6.37753
6.37953
6.38153
6.38353
6.38553
6.38753
6.38952
6.39152
6.39352
6.39552
6.39752
6.39952
6.40152
6.40352
6.40552
6.40752
6.40952
6.41152
6.41351
6.41551
6.41751
6.41951
6.42151
6.42351
6.42551
6.42751
6.42951
6.43151
6.43351
6.43551
6.4375
6.4395
6.4415
6.4435
6.4455
6.4475
6.4495
6.4515
6.4535
6.4555
6.4575
6.4595
6.4615
6.46349
6.46549
6.46749
6.46949
6.47149
6.47349
6.47549
6.47749
6.47949
6.48149
6.48349
6.48549
6.48748
6.48948
6.49148
6.49348
6.49548
6.49748
6.49948
6.50148
6.50348
6.50548
6.50748
6.50948
6.51148
6.51347
6.51547
6.51747
6.51947
6.52147
6.52347
6.52547
6.52747
6.52947
6.53147
6.53347
6.53547
6.53747
6.53946
6.54146
6.54346
6.54546
6.54746
6.54946
6.55146
6.55346
6.55546
6.55746
6.55946
6.56146
6.56345
6.56545
6.56745
6.56945
6.57145
6.57345
6.57545
6.57745
6.57945
6.58145
6.58345
6.58545
6.58745
6.58944
6.59144
6.59344
6.59544
6.59744
6.59944
6.60144
6.60344
6.60544
6.60744
6.60944
6.61144
6.61343
6.61543
6.61743
6.61943
6.62143
6.62343
6.62543
6.62743
6.62943
6.63143
6.63343
6.63543
6.63742
6.63942
6.64142
6.64342
6.64542
6.64742
6.64942
6.65142
6.65342
6.65542
6.65742
6.65942
6.66142
6.66341
6.66541
6.66741
6.66941
6.67141
6.67341
6.67541
6.67741
6.67941
6.68141
6.68341
6.68541
6.68741
6.6894
6.6914
6.6934
6.6954
6.6974
6.6994
6.7014
6.7034
6.7054
6.7074
6.7094
6.7114
6.71339
6.71539
6.71739
6.71939
6.72139
6.72339
6.72539
6.72739
6.72939
6.73139
6.73339
6.73539
6.73739
6.73938
6.74138
6.74338
6.74538
6.74738
6.74938
6.75138
6.75338
6.75538
6.75738
6.75938
6.76138
6.76337
6.76537
6.76737
6.76937
6.77137
6.77337
6.77537
6.77737
6.77937
6.78137
6.78337
6.78537
6.78736
6.78936
6.79136
6.79336
6.79536
6.79736
6.79936
6.80136
6.80336
6.80536
6.80736
6.80936
6.81136
6.81335
6.81535
6.81735
6.81935
6.82135
6.82335
6.82535
6.82735
6.82935
6.83135
6.83335
6.83535
6.83735
6.83934
6.84134
6.84334
6.84534
6.84734
6.84934
6.85134
6.85334
6.85534
6.85734
6.85934
6.86134
6.86333
6.86533
6.86733
6.86933
6.87133
6.87333
6.87533
6.87733
6.87933
6.88133
6.88333
6.88533
6.88733
6.88932
6.89132
6.89332
6.89532
6.89732
6.89932
6.90132
6.90332
6.90532
6.90732
6.90932
6.91132
6.91331
6.91531
6.91731
6.91931
6.92131
6.92331
6.92531
6.92731
6.92931
6.93131
6.93331
6.93531
6.9373
6.9393
6.9413
6.9433
6.9453
6.9473
6.9493
6.9513
6.9533
6.9553
6.9573
6.9593
6.9613
6.96329
6.96529
6.96729
6.96929
6.97129
6.97329
6.97529
6.97729
6.97929
6.98129
6.98329
6.98529
6.98729
6.98928
6.99128
6.99328
6.99528
6.99728
6.99928
7.00128
7.00328
7.00528
7.00728
7.00928
7.01128
7.01327
7.01527
7.01727
7.01927
7.02127
7.02327
7.02527
7.02727
7.02927
7.03127
7.03327
7.03527
7.03727
7.03926
7.04126
7.04326
7.04526
7.04726
7.04926
7.05126
7.05326
7.05526
7.05726
7.05926
7.06126
7.06325
7.06525
7.06725
7.06925
7.07125
7.07325
7.07525
7.07725
7.07925
7.08125
7.08325
7.08525
7.08724
7.08924
7.09124
7.09324
7.09524
7.09724
7.09924
7.10124
7.10324
7.10524
7.10724
7.10924
7.11124
7.11323
7.11523
7.11723
7.11923
7.12123
7.12323
7.12523
7.12723
7.12923
7.13123
7.13323
7.13523
7.13723
7.13922
7.14122
7.14322
7.14522
7.14722
7.14922
7.15122
7.15322
7.15522
7.15722
7.15922
7.16122
7.16321
7.16521
7.16721
7.16921
7.17121
7.17321
7.17521
7.17721
7.17921
7.18121
7.18321
7.18521
7.18721
7.1892
7.1912
7.1932
7.1952
7.1972
7.1992
7.2012
7.2032
7.2052
7.2072
7.2092
7.2112
7.21319
7.21519
7.21719
7.21919
7.22119
7.22319
7.22519
7.22719
7.22919
7.23119
7.23319
7.23519
7.23719
7.23918
7.24118
7.24318
7.24518
7.24718
7.24918
7.25118
7.25318
7.25518
7.25718
7.25918
7.26118
7.26317
7.26517
7.26717
7.26917
7.27117
7.27317
7.27517
7.27717
7.27917
7.28117
7.28317
7.28517
7.28717
7.28916
7.29116
7.29316
7.29516
7.29716
7.29916
7.30116
7.30316
7.30516
7.30716
7.30916
7.31116
7.31315
7.31515
7.31715
7.31915
7.32115
7.32315
7.32515
7.32715
7.32915
7.33115
7.33315
7.33515
7.33715
7.33914
7.34114
7.34314
7.34514
7.34714
7.34914
7.35114
7.35314
7.35514
7.35714
7.35914
7.36114
7.36313
7.36513
7.36713
7.36913
7.37113
7.37313
7.37513
7.37713
7.37913
7.38113
7.38313
7.38513
7.38713
7.38912
7.39112
7.39312
7.39512
7.39712
7.39912
7.40112
7.40312
7.40512
7.40712
7.40912
7.41112
7.41311
7.41511
7.41711
7.41911
7.42111
7.42311
7.42511
7.42711
7.42911
7.43111
7.43311
7.43511
7.43711
7.4391
7.4411
7.4431
7.4451
7.4471
7.4491
7.4511
7.4531
7.4551
7.4571
7.4591
7.4611
7.46309
7.46509
7.46709
7.46909
7.47109
7.47309
7.47509
7.47709
7.47909
7.48109
7.48309
7.48509
7.48709
7.48908
7.49108
7.49308
7.49508
7.49708
7.49908
7.50108
7.50308
7.50508
7.50708
7.50908
7.51108
7.51307
7.51507
7.51707
7.51907
7.52107
7.52307
7.52507
7.52707
7.52907
7.53107
7.53307
7.53507
7.53707
7.53906
7.54106
7.54306
7.54506
7.54706
7.54906
7.55106
7.55306
7.55506
7.55706
7.55906
7.56106
7.56305
7.56505
7.56705
7.56905
7.57105
7.57305
7.57505
7.57705
7.57905
7.58105
7.58305
7.58505
7.58705
7.58904
7.59104
7.59304
7.59504
7.59704
7.59904
7.60104
7.60304
7.60504
7.60704
7.60904
7.61104
7.61303
7.61503
7.61703
7.61903
7.62103
7.62303
7.62503
7.62703
7.62903
7.63103
7.63303
7.63503
7.63703
7.63902
7.64102
7.64302
7.64502
7.64702
7.64902
7.65102
7.65302
7.65502
7.65702
7.65902
7.66102
7.66301
7.66501
7.66701
7.66901
7.67101
7.67301
7.67501
7.67701
7.67901
7.68101
7.68301
7.68501
7.68701
7.689
7.691
7.693
7.695
7.697
7.699
7.701
7.703
7.705
7.707
7.709
7.711
7.71299
7.71499
7.71699
7.71899
7.72099
7.72299
7.72499
7.72699
7.72899
7.73099
7.73299
7.73499
7.73699
7.73898
7.74098
7.74298
7.74498
7.74698
7.74898
7.75098
7.75298
7.75498
7.75698
7.75898
7.76098
7.76297
7.76497
7.76697
7.76897
7.77097
7.77297
7.77497
7.77697
7.77897
7.78097
7.78297
7.78497
7.78697
7.78896
7.79096
7.79296
7.79496
7.79696
7.79896
7.80096
7.80296
7.80496
7.80696
7.80896
7.81096
7.81295
7.81495
7.81695
7.81895
7.82095
7.82295
7.82495
7.82695
7.82895
7.83095
7.83295
7.83495
7.83695
7.83894
7.84094
7.84294
7.84494
7.84694
7.84894
7.85094
7.85294
7.85494
7.85694
7.85894
7.86094
7.86293
7.86493
7.86693
7.86893
7.87093
7.87293
7.87493
7.87693
7.87893
7.88093
7.88293
7.88493
7.88693
7.88892
7.89092
7.89292
7.89492
7.89692
7.89892
7.90092
7.90292
7.90492
7.90692
7.90892
7.91092
7.91291
7.91491
7.91691
7.91891
7.92091
7.92291
7.92491
7.92691
7.92891
7.93091
7.93291
7.93491
7.93691
7.9389
7.9409
7.9429
7.9449
7.9469
7.9489
7.9509
7.9529
7.9549
7.9569
7.9589
7.9609
7.96289
7.96489
7.96689
7.96889
7.97089
7.97289
7.97489
7.97689
7.97889
7.98089
7.98289
7.98489
7.98689
7.98888
7.99088
7.99288
7.99488
7.99688
7.99888
8.00088
8.00288
8.00488
8.00688
8.00888
8.01088
8.01287
8.01487
8.01687
8.01887
8.02087
8.02287
8.02487
8.02687
8.02887
8.03087
8.03287
8.03487
8.03687
8.03886
8.04086
8.04286
8.04486
8.04686
8.04886
8.05086
8.05286
8.05486
8.05686
8.05886
8.06086
8.06285
8.06485
8.06685
8.06885
8.07085
8.07285
8.07485
8.07685
8.07885
8.08085
8.08285
8.08485
8.08685
8.08884
8.09084
8.09284
8.09484
8.09684
8.09884
8.10084
8.10284
8.10484
8.10684
8.10884
8.11084
8.11283
8.11483
8.11683
8.11883
8.12083
8.12283
8.12483
8.12683
8.12883
8.13083
8.13283
8.13483
8.13683
8.13882
8.14082
8.14282
8.14482
8.14682
8.14882
8.15082
8.15282
8.15482
8.15682
8.15882
8.16082
8.16282
8.16481
8.16681
8.16881
8.17081
8.17281
8.17481
8.17681
8.17881
8.18081
8.18281
8.18481
8.18681
8.1888
8.1908
8.1928
8.1948
8.1968
8.1988
8.2008
8.2028
8.2048
8.2068
8.2088
8.2108
8.2128
8.21479
8.21679
8.21879
8.22079
8.22279
8.22479
8.22679
8.22879
8.23079
8.23279
8.23479
8.23678
8.23878
8.24078
8.24278
8.24478
8.24678
8.24878
8.25078
8.25278
8.25478
8.25678
8.25878
8.26078
8.26277
8.26477
8.26677
8.26877
8.27077
8.27277
8.27477
8.27677
8.27877
8.28077
8.28277
8.28477
8.28677
8.28876
8.29076
8.29276
8.29476
8.29676
8.29876
8.30076
8.30276
8.30476
8.30676
8.30876
8.31076
8.31275
8.31475
8.31675
8.31875
8.32075
8.32275
8.32475
8.32675
8.32875
8.33075
8.33275
8.33475
8.33675
8.33874
8.34074
8.34274
8.34474
8.34674
8.34874
8.35074
8.35274
8.35474
8.35674
8.35874
8.36074
8.36273
8.36473
8.36673
8.36873
8.37073
8.37273
8.37473
8.37673
8.37873
8.38073
8.38273
8.38473
8.38673
8.38872
8.39072
8.39272
8.39472
8.39672
8.39872
8.40072
8.40272
8.40472
8.40672
8.40872
8.41072
8.41271
8.41471
8.41671
8.41871
8.42071
8.42271
8.42471
8.42671
8.42871
8.43071
8.43271
8.43471
8.43671
8.4387
8.4407
8.4427
8.4447
8.4467
8.4487
8.4507
8.4527
8.4547
8.4567
8.4587
8.4607
8.4627
8.46469
8.46669
8.46869
8.47069
8.47269
8.47469
8.47669
8.47869
8.48069
8.48269
8.48469
8.48669
8.48868
8.49068
8.49268
8.49468
8.49668
8.49868
8.50068
8.50268
8.50468
8.50668
8.50868
8.51068
8.51268
8.51467
8.51667
8.51867
8.52067
8.52267
8.52467
8.52667
8.52867
8.53067
8.53267
8.53467
8.53666
8.53866
8.54066
8.54266
8.54466
8.54666
8.54866
8.55066
8.55266
8.55466
8.55666
8.55866
8.56066
8.56265
8.56465
8.56665
8.56865
8.57065
8.57265
8.57465
8.57665
8.57865
8.58065
8.58265
8.58465
8.58665
8.58864
8.59064
8.59264
8.59464
8.59664
8.59864
8.60064
8.60264
8.60464
8.60664
8.60864
8.61064
8.61263
8.61463
8.61663
8.61863
8.62063
8.62263
8.62463
8.62663
8.62863
8.63063
8.63263
8.63463
8.63663
8.63862
8.64062
8.64262
8.64462
8.64662
8.64862
8.65062
8.65262
8.65462
8.65662
8.65862
8.66062
8.66261
8.66461
8.66661
8.66861
8.67061
8.67261
8.67461
8.67661
8.67861
8.68061
8.68261
8.68461
8.68661
8.6886
8.6906
8.6926
8.6946
8.6966
8.6986
8.7006
8.7026
8.7046
8.7066
8.7086
8.7106
8.71259
8.71459
8.71659
8.71859
8.72059
8.72259
8.72459
8.72659
8.72859
8.73059
8.73259
8.73459
8.73659
8.73858
8.74058
8.74258
8.74458
8.74658
8.74858
8.75058
8.75258
8.75458
8.75658
8.75858
8.76058
8.76258
8.76457
8.76657
8.76857
8.77057
8.77257
8.77457
8.77657
8.77857
8.78057
8.78257
8.78457
8.78657
8.78856
8.79056
8.79256
8.79456
8.79656
8.79856
8.80056
8.80256
8.80456
8.80656
8.80856
8.81056
8.81256
8.81455
8.81655
8.81855
8.82055
8.82255
8.82455
8.82655
8.82855
8.83055
8.83255
8.83455
8.83654
8.83854
8.84054
8.84254
8.84454
8.84654
8.84854
8.85054
8.85254
8.85454
8.85654
8.85854
8.86054
8.86253
8.86453
8.86653
8.86853
8.87053
8.87253
8.87453
8.87653
8.87853
8.88053
8.88253
8.88453
8.88653
8.88853
8.89052
8.89252
8.89452
8.89652
8.89852
8.90052
8.90252
8.90452
8.90652
8.90852
8.91052
8.91251
8.91451
8.91651
8.91851
8.92051
8.92251
8.92451
8.92651
8.92851
8.93051
8.93251
8.93451
8.93651
8.9385
8.9405
8.9425
8.9445
8.9465
8.9485
8.9505
8.9525
8.9545
8.9565
8.9585
8.9605
8.96249
8.96449
8.96649
8.96849
8.97049
8.97249
8.97449
8.97649
8.97849
8.98049
8.98249
8.98449
8.98649
8.98848
8.99048
8.99248
8.99448
8.99648
8.99848
9.00048
9.00248
9.00448
9.00648
9.00848
9.01048
9.01248
9.01447
9.01647
9.01847
9.02047
9.02247
9.02447
9.02647
9.02847
9.03047
9.03247
9.03447
9.03647
9.03846
9.04046
9.04246
9.04446
9.04646
9.04846
9.05046
9.05246
9.05446
9.05646
9.05846
9.06046
9.06246
9.06445
9.06645
9.06845
9.07045
9.07245
9.07445
9.07645
9.07845
9.08045
9.08245
9.08445
9.08645
9.08844
9.09044
9.09244
9.09444
9.09644
9.09844
9.10044
9.10244
9.10444
9.10644
9.10844
9.11044
9.11244
9.11443
9.11643
9.11843
9.12043
9.12243
9.12443
9.12643
9.12843
9.13043
9.13243
9.13443
9.13643
9.13842
9.14042
9.14242
9.14442
9.14642
9.14842
9.15042
9.15242
9.15442
9.15642
9.15842
9.16042
9.16242
9.16441
9.16641
9.16841
9.17041
9.17241
9.17441
9.17641
9.17841
9.18041
9.18241
9.18441
9.18641
9.18841
9.1904
9.1924
9.1944
9.1964
9.1984
9.2004
9.2024
9.2044
9.2064
9.2084
9.2104
9.21239
9.21439
9.21639
9.21839
9.22039
9.22239
9.22439
9.22639
9.22839
9.23039
9.23239
9.23439
9.23639
9.23838
9.24038
9.24238
9.24438
9.24638
9.24838
9.25038
9.25238
9.25438
9.25638
9.25838
9.26038
9.26237
9.26437
9.26637
9.26837
9.27037
9.27237
9.27437
9.27637
9.27837
9.28037
9.28237
9.28437
9.28637
9.28836
9.29036
9.29236
9.29436
9.29636
9.29836
9.30036
9.30236
9.30436
9.30636
9.30836
9.31036
9.31236
9.31435
9.31635
9.31835
9.32035
9.32235
9.32435
9.32635
9.32835
9.33035
9.33235
9.33435
9.33635
9.33834
9.34034
9.34234
9.34434
9.34634
9.34834
9.35034
9.35234
9.35434
9.35634
9.35834
9.36034
9.36234
9.36433
9.36633
9.36833
9.37033
9.37233
9.37433
9.37633
9.37833
9.38033
9.38233
9.38433
9.38633
9.38832
9.39032
9.39232
9.39432
9.39632
9.39832
9.40032
9.40232
9.40432
9.40632
9.40832
9.41032
9.41232
9.41431
9.41631
9.41831
9.42031
9.42231
9.42431
9.42631
9.42831
9.43031
9.43231
9.43431
9.43631
9.4383
9.4403
9.4423
9.4443
9.4463
9.4483
9.4503
9.4523
9.4543
9.4563
9.4583
9.4603
9.4623
9.46429
9.46629
9.46829
9.47029
9.47229
9.47429
9.47629
9.47829
9.48029
9.48229
9.48429
9.48629
9.48829
9.49028
9.49228
9.49428
9.49628
9.49828
9.50028
9.50228
9.50428
9.50628
9.50828
9.51028
9.51227
9.51427
9.51627
9.51827
9.52027
9.52227
9.52427
9.52627
9.52827
9.53027
9.53227
9.53427
9.53627
9.53826
9.54026
9.54226
9.54426
9.54626
9.54826
9.55026
9.55226
9.55426
9.55626
9.55826
9.56026
9.56225
9.56425
9.56625
9.56825
9.57025
9.57225
9.57425
9.57625
9.57825
9.58025
9.58225
9.58425
9.58625
9.58824
9.59024
9.59224
9.59424
9.59624
9.59824
9.60024
9.60224
9.60424
9.60624
9.60824
9.61024
9.61224
9.61423
9.61623
9.61823
9.62023
9.62223
9.62423
9.62623
9.62823
9.63023
9.63223
9.63423
9.63623
9.63822
9.64022
9.64222
9.64422
9.64622
9.64822
9.65022
9.65222
9.65422
9.65622
9.65822
9.66022
9.66222
9.66421
9.66621
9.66821
9.67021
9.67221
9.67421
9.67621
9.67821
9.68021
9.68221
9.68421
9.68621
9.6882
9.6902
9.6922
9.6942
9.6962
9.6982
9.7002
9.7022
9.7042
9.7062
9.7082
9.7102
9.7122
9.71419
9.71619
9.71819
9.72019
9.72219
9.72419
9.72619
9.72819
9.73019
9.73219
9.73419
9.73619
9.73818
9.74018
9.74218
9.74418
9.74618
9.74818
9.75018
9.75218
9.75418
9.75618
9.75818
9.76018
9.76218
9.76417
9.76617
9.76817
9.77017
9.77217
9.77417
9.77617
9.77817
9.78017
9.78217
9.78417
9.78617
9.78817
9.79016
9.79216
9.79416
9.79616
9.79816
9.80016
9.80216
9.80416
9.80616
9.80816
9.81016
9.81215
9.81415
9.81615
9.81815
9.82015
9.82215
9.82415
9.82615
9.82815
9.83015
9.83215
9.83415
9.83615
9.83814
9.84014
9.84214
9.84414
9.84614
9.84814
9.85014
9.85214
9.85414
9.85614
9.85814
9.86014
9.86213
9.86413
9.86613
9.86813
9.87013
9.87213
9.87413
9.87613
9.87813
9.88013
9.88213
9.88413
9.88613
9.88812
9.89012
9.89212
9.89412
9.89612
9.89812
9.90012
9.90212
9.90412
9.90612
9.90812
9.91012
9.91212
9.91411
9.91611
9.91811
9.92011
9.92211
9.92411
9.92611
9.92811
9.93011
9.93211
9.93411
9.93611
9.9381
9.9401
9.9421
9.9441
9.9461
9.9481
9.9501
9.9521
9.9541
9.9561
9.9581
9.9601
9.9621
9.96409
9.96609
9.96809
9.97009
9.97209
9.97409
9.97609
9.97809
9.98009
9.98209
9.98409
9.98609
9.98808
9.99008
9.99208
9.99408
9.99608
9.99808
10.0001
10.0021
10.0041
10.0061
10.0081
10.0101
10.0121
10.0141
10.0161
10.0181
10.0201
10.0221
10.0241
10.0261
10.0281
10.0301
10.0321
10.0341
10.0361
10.0381
10.0401
10.0421
10.0441
10.0461
10.0481
10.0501
10.0521
10.0541
10.0561
10.0581
10.0601
10.0621
10.0641
10.0661
10.0681
10.0701
10.0721
10.074
10.076
10.078
10.08
10.082
10.084
10.086
10.088
10.09
10.092
10.094
10.096
10.098
10.1
10.102
10.104
10.106
10.108
10.11
10.112
10.114
10.116
10.118
10.12
10.122
10.124
10.126
10.128
10.13
10.132
10.134
10.136
10.138
10.14
10.142
10.144
10.146
10.148
10.15
10.152
10.154
10.156
10.158
10.16
10.162
10.164
10.166
10.168
10.17
10.172
10.174
10.176
10.178
10.18
10.182
10.184
10.186
10.188
10.19
10.192
10.194
10.196
