   0.0000000e+00
   0.0000000e+00
   0.0000000e+00
   0.0000000e+00
   0.0000000e+00
   0.0000000e+00
   2.5247629e-02
   2.9723279e-02
   3.4198930e-02
   3.8674580e-02
   4.3150231e-02
   4.7625881e-02
   5.2101532e-02
   5.6577183e-02
   6.1052833e-02
   6.5528484e-02
   7.0004134e-02
   7.4479785e-02
   7.8955435e-02
   8.3431086e-02
   8.7906736e-02
   9.2382387e-02
   9.6858038e-02
   1.0133369e-01
   1.0580934e-01
   1.1028499e-01
   1.1476064e-01
   1.1923629e-01
   1.2371194e-01
   1.2818759e-01
   1.3266324e-01
   1.3713889e-01
   1.4161454e-01
   1.4609019e-01
   1.5056584e-01
   1.5504149e-01
   1.5951715e-01
   1.6399280e-01
   1.6846845e-01
   1.7294410e-01
   1.7741975e-01
   1.8189540e-01
   1.8637105e-01
   1.9084670e-01
   1.9532235e-01
   1.9979800e-01
   2.0427365e-01
   2.0874930e-01
   2.1322495e-01
   2.1770060e-01
   2.2217625e-01
   2.2665190e-01
   2.3112755e-01
   2.3560320e-01
   2.4007886e-01
   2.4455451e-01
   2.4903016e-01
   2.5350581e-01
   2.5798146e-01
   2.6245711e-01
   2.6693276e-01
   2.7140841e-01
   2.7588406e-01
   2.8035971e-01
   2.8483536e-01
   2.8931101e-01
   2.9378666e-01
   2.9826231e-01
   3.0273796e-01
   3.0721361e-01
   3.1168926e-01
   3.1616491e-01
   3.2064057e-01
   3.2511622e-01
   3.2959187e-01
   3.3406752e-01
   3.3854317e-01
   3.4301882e-01
   3.4749447e-01
   3.5197012e-01
   3.5644577e-01
   3.6092142e-01
   3.6539707e-01
   3.6987272e-01
   3.7434837e-01
   3.7882402e-01
   3.8329967e-01
   3.8777532e-01
   3.9225097e-01
   3.9672663e-01
   4.0120228e-01
   4.0567793e-01
   4.1015358e-01
   4.1462923e-01
   4.1910488e-01
   4.2358053e-01
   4.2805618e-01
   4.3253183e-01
   4.3700748e-01
   4.4148313e-01
   4.4595878e-01
   4.5043443e-01
   4.5491008e-01
   4.5938573e-01
   4.6386138e-01
   4.6833703e-01
   4.7281268e-01
   4.7728834e-01
   4.8176399e-01
   4.8623964e-01
   4.9071529e-01
   4.9519094e-01
   4.9966659e-01
   5.0414224e-01
   5.0861789e-01
   5.1309354e-01
   5.1756919e-01
   5.2204484e-01
   5.2652049e-01
   5.3099614e-01
   5.3547179e-01
   5.3994744e-01
   5.4442309e-01
   5.4889874e-01
   5.5337439e-01
   5.5785005e-01
   5.6232570e-01
   5.6680135e-01
   5.7127700e-01
   5.7575265e-01
   5.8022830e-01
   5.8470395e-01
   5.8917960e-01
   5.9365525e-01
   5.9813090e-01
   6.0260655e-01
   6.0708220e-01
   6.1155785e-01
   6.1603350e-01
   6.2050915e-01
   6.2498480e-01
   6.2946045e-01
   6.3393610e-01
   6.3841176e-01
   6.4288741e-01
   6.4736306e-01
   6.5183871e-01
   6.5631436e-01
   6.6079001e-01
   6.6526566e-01
   6.6974131e-01
   6.7421696e-01
   6.7869261e-01
   6.8316826e-01
   6.8764391e-01
   6.9211956e-01
   6.9659521e-01
   7.0107086e-01
   7.0554651e-01
   7.1519126e-01
   7.4313221e-01
   7.7107315e-01
   7.9901410e-01
   8.2695505e-01
   8.5489599e-01
   8.8283694e-01
   9.1077788e-01
   9.3871883e-01
   9.6665978e-01
   9.9460072e-01
   1.0225417e+00
   1.0504826e+00
   1.0784236e+00
   1.1063645e+00
   1.1343055e+00
   1.1622464e+00
   1.1901873e+00
   1.2181283e+00
   1.2460692e+00
   1.2740102e+00
   1.3019511e+00
   1.3298921e+00
   1.3578330e+00
   1.3857740e+00
   1.4137149e+00
   1.4416559e+00
   1.4695968e+00
   1.4975378e+00
   1.5254787e+00
   1.5534196e+00
   1.5813606e+00
   1.6093015e+00
   1.6372425e+00
   1.6651834e+00
   1.6931244e+00
   1.7210653e+00
   1.7490063e+00
   1.7769472e+00
   1.8048882e+00
   1.8328291e+00
   1.8607701e+00
   1.8887110e+00
   1.9166519e+00
   1.9445929e+00
   1.9725338e+00
   2.0004748e+00
   2.0284157e+00
   2.0563567e+00
   2.0842976e+00
   2.1122386e+00
   2.1401767e+00
   2.1653271e+00
   2.1904776e+00
   2.2156281e+00
   2.2407786e+00
   2.2659291e+00
   2.2910796e+00
   2.3162301e+00
   2.3413806e+00
   2.3665311e+00
   2.3916816e+00
   2.4168321e+00
   2.4419826e+00
   2.4671331e+00
   2.4922836e+00
   2.5174341e+00
   2.5425845e+00
   2.5677350e+00
   2.5928855e+00
   2.6180360e+00
   2.6431865e+00
   2.6683370e+00
   2.6934875e+00
   2.7186380e+00
   2.7437885e+00
   2.7689390e+00
   2.7940895e+00
   2.8192400e+00
   2.8443905e+00
   2.8695410e+00
   2.8946915e+00
   2.9198419e+00
   2.9449924e+00
   2.9701429e+00
   2.9952934e+00
   3.0204439e+00
   3.0455944e+00
   3.0707449e+00
   3.0958954e+00
   3.1210459e+00
   3.1461964e+00
   3.1713469e+00
   3.1964974e+00
   3.2216479e+00
   3.2467984e+00
   3.2719488e+00
   3.2970993e+00
   3.3222498e+00
   3.3474003e+00
   3.3725508e+00
   3.3977013e+00
   3.4228518e+00
   3.4664452e+00
   3.5151871e+00
   3.5639289e+00
   3.6126708e+00
   3.6614127e+00
   3.7101546e+00
   3.7588965e+00
   3.8076384e+00
   3.8563803e+00
   3.9051222e+00
   3.9538640e+00
   4.0026059e+00
   4.0513478e+00
   4.1000897e+00
   4.1488316e+00
   4.1975735e+00
   4.2463154e+00
   4.2950573e+00
   4.3437992e+00
   4.3925410e+00
   4.4412829e+00
   4.4900248e+00
   4.5387667e+00
   4.5875086e+00
   4.6362505e+00
   4.6849924e+00
   4.7337343e+00
   4.7824761e+00
   4.8312180e+00
   4.8799599e+00
   4.9287018e+00
   4.9774437e+00
   5.0261856e+00
   5.0749275e+00
   5.1236694e+00
   5.1724113e+00
   5.2211531e+00
   5.2698950e+00
   5.3186369e+00
   5.3673788e+00
   5.4161207e+00
   5.4648626e+00
   5.5136045e+00
   5.5623464e+00
   5.6110882e+00
   5.6598301e+00
   5.7085720e+00
   5.7573139e+00
   5.8060558e+00
   5.8547977e+00
   5.9035396e+00
   5.9407661e+00
   5.9690361e+00
   5.9973062e+00
   6.0255763e+00
   6.0538464e+00
   6.0821164e+00
   6.1103865e+00
   6.1386566e+00
   6.1669267e+00
   6.1951967e+00
   6.2234668e+00
   6.2517369e+00
   6.2800070e+00
   6.3082770e+00
   6.3365471e+00
   6.3648172e+00
   6.3930872e+00
   6.4213573e+00
   6.4496274e+00
   6.4778975e+00
   6.5061675e+00
   6.5344376e+00
   6.5627077e+00
   6.5909778e+00
   6.6192478e+00
   6.6475179e+00
   6.6757880e+00
   6.7040581e+00
   6.7323281e+00
   6.7605982e+00
   6.7888683e+00
   6.8171384e+00
   6.8454084e+00
   6.8736785e+00
   6.9019486e+00
   6.9302186e+00
   6.9584887e+00
   6.9867588e+00
   7.0150289e+00
   7.0432989e+00
   7.0715690e+00
   7.0998391e+00
   7.1281092e+00
   7.1563792e+00
   7.1846493e+00
   7.2129194e+00
   7.2411895e+00
   7.2694595e+00
   7.2977296e+00
   7.3259997e+00
   7.3542698e+00
   7.3689066e+00
   7.3574570e+00
   7.3460075e+00
   7.3345579e+00
   7.3231084e+00
   7.3116589e+00
   7.3002093e+00
   7.2887598e+00
   7.2773102e+00
   7.2658607e+00
   7.2544112e+00
   7.2429616e+00
   7.2315121e+00
   7.2200626e+00
   7.2086130e+00
   7.1971635e+00
   7.1857139e+00
   7.1742644e+00
   7.1628149e+00
   7.1513653e+00
   7.1399158e+00
   7.1284662e+00
   7.1170167e+00
   7.1055672e+00
   7.0941176e+00
   7.0826681e+00
   7.0712185e+00
   7.0597690e+00
   7.0483195e+00
   7.0368699e+00
   7.0254204e+00
   7.0139708e+00
   7.0025213e+00
   6.9910718e+00
   6.9796222e+00
   6.9681727e+00
   6.9567232e+00
   6.9452736e+00
   6.9338241e+00
   6.9223745e+00
   6.9109250e+00
   6.8994755e+00
   6.8880259e+00
   6.8765764e+00
   6.8651268e+00
   6.8536773e+00
   6.8422278e+00
   6.8307782e+00
   6.8193287e+00
   6.8078791e+00
   6.7964296e+00
   6.7864503e+00
   6.7868602e+00
   6.7872700e+00
   6.7876799e+00
   6.7880897e+00
   6.7884996e+00
   6.7889094e+00
   6.7893193e+00
   6.7897292e+00
   6.7901390e+00
   6.7905489e+00
   6.7909587e+00
   6.7913686e+00
   6.7917784e+00
   6.7921883e+00
   6.7925981e+00
   6.7930080e+00
   6.7934178e+00
   6.7938277e+00
   6.7942375e+00
   6.7946474e+00
   6.7950572e+00
   6.7954671e+00
   6.7958769e+00
   6.7962868e+00
   6.7966966e+00
   6.7971065e+00
   6.7975163e+00
   6.7979262e+00
   6.7983360e+00
   6.7987459e+00
   6.7991557e+00
   6.7995656e+00
   6.7999754e+00
   6.8003853e+00
   6.8007951e+00
   6.8012050e+00
   6.8016149e+00
   6.8020247e+00
   6.8024346e+00
   6.8028444e+00
   6.8032543e+00
   6.8036641e+00
   6.8040740e+00
   6.8044838e+00
   6.8048937e+00
   6.8053035e+00
   6.8057134e+00
   6.8061232e+00
   6.8065331e+00
   6.8069429e+00
   6.8073528e+00
   6.7958344e+00
   6.7830598e+00
   6.7702852e+00
   6.7575105e+00
   6.7447359e+00
   6.7319613e+00
   6.7191866e+00
   6.7064120e+00
   6.6936374e+00
   6.6808627e+00
   6.6680881e+00
   6.6553135e+00
   6.6425388e+00
   6.6297642e+00
   6.6169896e+00
   6.6042149e+00
   6.5914403e+00
   6.5786657e+00
   6.5658910e+00
   6.5531164e+00
   6.5403418e+00
   6.5275671e+00
   6.5147925e+00
   6.5020179e+00
   6.4892432e+00
   6.4764686e+00
   6.4636940e+00
   6.4509193e+00
   6.4381447e+00
   6.4253701e+00
   6.4125954e+00
   6.3998208e+00
   6.3870462e+00
   6.3742715e+00
   6.3614969e+00
   6.3487223e+00
   6.3359476e+00
   6.3231730e+00
   6.3103984e+00
   6.2976237e+00
   6.2848491e+00
   6.2720745e+00
   6.2592998e+00
   6.2465252e+00
   6.2337506e+00
   6.2209759e+00
   6.2082013e+00
   6.1954267e+00
   6.1826520e+00
   6.1698774e+00
   6.1571028e+00
   6.1409406e+00
   6.1232240e+00
   6.1055074e+00
   6.0877907e+00
   6.0700741e+00
   6.0523575e+00
   6.0346408e+00
   6.0169242e+00
   5.9992076e+00
   5.9814910e+00
   5.9637743e+00
   5.9460577e+00
   5.9283411e+00
   5.9106244e+00
   5.8929078e+00
   5.8751912e+00
   5.8574745e+00
   5.8397579e+00
   5.8220413e+00
   5.8043247e+00
   5.7866080e+00
   5.7688914e+00
   5.7511748e+00
   5.7334581e+00
   5.7157415e+00
   5.6980249e+00
   5.6803082e+00
   5.6625916e+00
   5.6448750e+00
   5.6271584e+00
   5.6094417e+00
   5.5917251e+00
   5.5740085e+00
   5.5562918e+00
   5.5439498e+00
   5.5408164e+00
   5.5376830e+00
   5.5345496e+00
   5.5314162e+00
   5.5282829e+00
   5.5251495e+00
   5.5220161e+00
   5.5188827e+00
   5.5157493e+00
   5.5126159e+00
   5.5094825e+00
   5.5063491e+00
   5.5032157e+00
   5.5000824e+00
   5.4969490e+00
   5.4938156e+00
   5.4906822e+00
   5.4875488e+00
   5.4844154e+00
   5.4812820e+00
   5.4749915e+00
   5.4632939e+00
   5.4515963e+00
   5.4398988e+00
   5.4282012e+00
   5.4165036e+00
   5.4048061e+00
   5.3931085e+00
   5.3814109e+00
   5.3697134e+00
   5.3580158e+00
   5.3463183e+00
   5.3346207e+00
   5.3229231e+00
   5.3112256e+00
   5.2995280e+00
   5.2878304e+00
   5.2761329e+00
   5.2644353e+00
   5.2527377e+00
   5.2410402e+00
   5.2293426e+00
   5.2176450e+00
   5.2059475e+00
   5.1942499e+00
   5.1825523e+00
   5.1708548e+00
   5.1591572e+00
   5.1474596e+00
   5.1357621e+00
   5.1240645e+00
   5.1123669e+00
   5.1006694e+00
   5.0889718e+00
   5.0772743e+00
   5.0655767e+00
   5.0538791e+00
   5.0421816e+00
   5.0304840e+00
   5.0187864e+00
   5.0070889e+00
   4.9953913e+00
   4.9836937e+00
   4.9719962e+00
   4.9614495e+00
   4.9511348e+00
   4.9408201e+00
   4.9305054e+00
   4.9201907e+00
   4.9098760e+00
   4.8995613e+00
   4.8892466e+00
   4.8789319e+00
   4.8686172e+00
   4.8583025e+00
   4.8479878e+00
   4.8376731e+00
   4.8273584e+00
   4.8170437e+00
   4.8067290e+00
   4.7964143e+00
   4.7860997e+00
   4.7757850e+00
   4.7654703e+00
   4.7551556e+00
   4.7448409e+00
   4.7345262e+00
   4.7242115e+00
   4.7138968e+00
   4.7035821e+00
   4.6932674e+00
   4.6829527e+00
   4.6726380e+00
   4.6623233e+00
   4.6520086e+00
   4.6416939e+00
   4.6313792e+00
   4.6210645e+00
   4.6107498e+00
   4.6004351e+00
   4.5901204e+00
   4.5798057e+00
   4.5694910e+00
   4.5591763e+00
   4.5488616e+00
   4.5385469e+00
   4.5282322e+00
   4.5179175e+00
   4.5076028e+00
   4.4972881e+00
   4.4869734e+00
   4.4767011e+00
   4.4666005e+00
   4.4564998e+00
   4.4463991e+00
   4.4362984e+00
   4.4261977e+00
   4.4160970e+00
   4.4059964e+00
   4.3958957e+00
   4.3857950e+00
   4.3756943e+00
   4.3655936e+00
   4.3554929e+00
   4.3453923e+00
   4.3352916e+00
   4.3251909e+00
   4.3150902e+00
   4.3049895e+00
   4.2948888e+00
   4.2847882e+00
   4.2746875e+00
   4.2645868e+00
   4.2544861e+00
   4.2443854e+00
   4.2342847e+00
   4.2241841e+00
   4.2140834e+00
   4.2039827e+00
   4.1938820e+00
   4.1837813e+00
   4.1736806e+00
   4.1635800e+00
   4.1534793e+00
   4.1433786e+00
   4.1332779e+00
   4.1231772e+00
   4.1130765e+00
   4.1029759e+00
   4.0928752e+00
   4.0827745e+00
   4.0726738e+00
   4.0625731e+00
   4.0524724e+00
   4.0423718e+00
   4.0322711e+00
   4.0221704e+00
   4.0121391e+00
   4.0027249e+00
   3.9933107e+00
   3.9838965e+00
   3.9744823e+00
   3.9650681e+00
   3.9556539e+00
   3.9462397e+00
   3.9368255e+00
   3.9274113e+00
   3.9179971e+00
   3.9085829e+00
   3.8991687e+00
   3.8897545e+00
   3.8803403e+00
   3.8709261e+00
   3.8615119e+00
   3.8520978e+00
   3.8426836e+00
   3.8332694e+00
   3.8238552e+00
   3.8144410e+00
   3.8050268e+00
   3.7956126e+00
   3.7861984e+00
   3.7767842e+00
   3.7673700e+00
   3.7579558e+00
   3.7485416e+00
   3.7391274e+00
   3.7297132e+00
   3.7202990e+00
   3.7108848e+00
   3.7014706e+00
   3.6920564e+00
   3.6826422e+00
   3.6732281e+00
   3.6638139e+00
   3.6543997e+00
   3.6449855e+00
   3.6355713e+00
   3.6261571e+00
   3.6167429e+00
   3.6073287e+00
   3.5979145e+00
   3.5885003e+00
   3.5790861e+00
   3.5696719e+00
   3.5602577e+00
   3.5508435e+00
   3.5414293e+00
   3.5320151e+00
   3.5226009e+00
   3.5131867e+00
   3.5037725e+00
   3.4951854e+00
   3.4885613e+00
   3.4819372e+00
   3.4753131e+00
   3.4686890e+00
   3.4620649e+00
   3.4554408e+00
   3.4488167e+00
   3.4421926e+00
   3.4355686e+00
   3.4289445e+00
   3.4223204e+00
   3.4156963e+00
   3.4090722e+00
   3.4024481e+00
   3.3958240e+00
   3.3891999e+00
   3.3825758e+00
   3.3759517e+00
   3.3693276e+00
   3.3627035e+00
   3.3560795e+00
   3.3494554e+00
   3.3428313e+00
   3.3362072e+00
   3.3295831e+00
   3.3229590e+00
   3.3163349e+00
   3.3097108e+00
   3.3030867e+00
   3.2964626e+00
   3.2898385e+00
   3.2832144e+00
   3.2765904e+00
   3.2699663e+00
   3.2633422e+00
   3.2567181e+00
   3.2500940e+00
   3.2434699e+00
   3.2368458e+00
   3.2302217e+00
   3.2235976e+00
   3.2169735e+00
   3.2103494e+00
   3.2037253e+00
   3.1971013e+00
   3.1904772e+00
   3.1838531e+00
   3.1772290e+00
   3.1706049e+00
   3.1639808e+00
   3.1573567e+00
   3.1507326e+00
   3.1441085e+00
   3.1374844e+00
   3.1308603e+00
   3.1242362e+00
   3.1176122e+00
   3.1109881e+00
   3.1043640e+00
   3.0977399e+00
   3.0911158e+00
   3.0852177e+00
   3.0794648e+00
   3.0737119e+00
   3.0679590e+00
   3.0622061e+00
   3.0564532e+00
   3.0507003e+00
   3.0449474e+00
   3.0391945e+00
   3.0334416e+00
   3.0276887e+00
   3.0219358e+00
   3.0161829e+00
   3.0104301e+00
   3.0046772e+00
   2.9989243e+00
   2.9931714e+00
   2.9874185e+00
   2.9816656e+00
   2.9759127e+00
   2.9701598e+00
   2.9644069e+00
   2.9586540e+00
   2.9529011e+00
   2.9471482e+00
   2.9413953e+00
   2.9356424e+00
   2.9298895e+00
   2.9241366e+00
   2.9183838e+00
   2.9126309e+00
   2.9068780e+00
   2.9011251e+00
   2.8953722e+00
   2.8896193e+00
   2.8838664e+00
   2.8781135e+00
   2.8723606e+00
   2.8666077e+00
   2.8608548e+00
   2.8551019e+00
   2.8493490e+00
   2.8435961e+00
   2.8378432e+00
   2.8320904e+00
   2.8263375e+00
   2.8205846e+00
   2.8148317e+00
   2.8090788e+00
   2.8033259e+00
   2.7975730e+00
   2.7918201e+00
   2.7860672e+00
   2.7803143e+00
   2.7745614e+00
   2.7688085e+00
   2.7630556e+00
   2.7573027e+00
   2.7515498e+00
   2.7457970e+00
   2.7400441e+00
   2.7342912e+00
   2.7285383e+00
   2.7227854e+00
   2.7170325e+00
   2.7112796e+00
   2.7055267e+00
   2.6997738e+00
   2.6940209e+00
   2.6882680e+00
   2.6825151e+00
   2.6767622e+00
   2.6710093e+00
   2.6652564e+00
   2.6596774e+00
   2.6542319e+00
   2.6487864e+00
   2.6433409e+00
   2.6378954e+00
   2.6324500e+00
   2.6270045e+00
   2.6215590e+00
   2.6161135e+00
   2.6106680e+00
   2.6052226e+00
   2.5997771e+00
   2.5943316e+00
   2.5888861e+00
   2.5834406e+00
   2.5779952e+00
   2.5725497e+00
   2.5671042e+00
   2.5616587e+00
   2.5562132e+00
   2.5507678e+00
   2.5453223e+00
   2.5398768e+00
   2.5344313e+00
   2.5289858e+00
   2.5235404e+00
   2.5180949e+00
   2.5126494e+00
   2.5072039e+00
   2.5017585e+00
   2.4963130e+00
   2.4908675e+00
   2.4854220e+00
   2.4799765e+00
   2.4745311e+00
   2.4690856e+00
   2.4636401e+00
   2.4581946e+00
   2.4527491e+00
   2.4473037e+00
   2.4418582e+00
   2.4364127e+00
   2.4309672e+00
   2.4255217e+00
   2.4200763e+00
   2.4146308e+00
   2.4091853e+00
   2.4037398e+00
   2.3982943e+00
   2.3928489e+00
   2.3874034e+00
   2.3819579e+00
   2.3765124e+00
   2.3710670e+00
   2.3656215e+00
   2.3602397e+00
   2.3550508e+00
   2.3498618e+00
   2.3446728e+00
   2.3394838e+00
   2.3342948e+00
   2.3291058e+00
   2.3239169e+00
   2.3187279e+00
   2.3135389e+00
   2.3083499e+00
   2.3031609e+00
   2.2979719e+00
   2.2927830e+00
   2.2875940e+00
   2.2824050e+00
   2.2772160e+00
   2.2720270e+00
   2.2668380e+00
   2.2616491e+00
   2.2564601e+00
   2.2512711e+00
   2.2460821e+00
   2.2408931e+00
   2.2357041e+00
   2.2305151e+00
   2.2253262e+00
   2.2201372e+00
   2.2149482e+00
   2.2097592e+00
   2.2045702e+00
   2.1993812e+00
   2.1941923e+00
   2.1890033e+00
   2.1838143e+00
   2.1786253e+00
   2.1734363e+00
   2.1682473e+00
   2.1630584e+00
   2.1578694e+00
   2.1526804e+00
   2.1474914e+00
   2.1423024e+00
   2.1371134e+00
   2.1319245e+00
   2.1267355e+00
   2.1215465e+00
   2.1163575e+00
   2.1113440e+00
   2.1078680e+00
   2.1043920e+00
   2.1009160e+00
   2.0974400e+00
   2.0939640e+00
   2.0904880e+00
   2.0870120e+00
   2.0835360e+00
   2.0800600e+00
   2.0765840e+00
   2.0731080e+00
   2.0696320e+00
   2.0661560e+00
   2.0626800e+00
   2.0592040e+00
   2.0557280e+00
   2.0522520e+00
   2.0487760e+00
   2.0453000e+00
   2.0418240e+00
   2.0383480e+00
   2.0348720e+00
   2.0313960e+00
   2.0279200e+00
   2.0244440e+00
   2.0209680e+00
   2.0174920e+00
   2.0140160e+00
   2.0105400e+00
   2.0070640e+00
   2.0035880e+00
   2.0001120e+00
   1.9966360e+00
   1.9931600e+00
   1.9896840e+00
   1.9862080e+00
   1.9827320e+00
   1.9792560e+00
   1.9757800e+00
   1.9723040e+00
   1.9688280e+00
   1.9653520e+00
   1.9618760e+00
   1.9584000e+00
   1.9549240e+00
   1.9514480e+00
   1.9479720e+00
   1.9444960e+00
   1.9410200e+00
   1.9375440e+00
   1.9340680e+00
   1.9305920e+00
   1.9271160e+00
   1.9236400e+00
   1.9201640e+00
   1.9166880e+00
   1.9132120e+00
   1.9097360e+00
   1.9062600e+00
   1.9027840e+00
   1.8993080e+00
   1.8958320e+00
   1.8923560e+00
   1.8888800e+00
   1.8854040e+00
   1.8819280e+00
   1.8784520e+00
   1.8749760e+00
   1.8720335e+00
   1.8691015e+00
   1.8661695e+00
   1.8632375e+00
   1.8603055e+00
   1.8573734e+00
   1.8544414e+00
   1.8515094e+00
   1.8485774e+00
   1.8456454e+00
   1.8427134e+00
   1.8397813e+00
   1.8368493e+00
   1.8339173e+00
   1.8309853e+00
   1.8280533e+00
   1.8251213e+00
   1.8221892e+00
   1.8192572e+00
   1.8163252e+00
   1.8133932e+00
   1.8104612e+00
   1.8075292e+00
   1.8045971e+00
   1.8016651e+00
   1.7987331e+00
   1.7958011e+00
   1.7928691e+00
   1.7899371e+00
   1.7870050e+00
   1.7840730e+00
   1.7811410e+00
   1.7782090e+00
   1.7752770e+00
   1.7723450e+00
   1.7694129e+00
   1.7664809e+00
   1.7635489e+00
   1.7606169e+00
   1.7576849e+00
   1.7547529e+00
   1.7518208e+00
   1.7488888e+00
   1.7459568e+00
   1.7430248e+00
   1.7400928e+00
   1.7371608e+00
   1.7342287e+00
   1.7312967e+00
   1.7283647e+00
   1.7254327e+00
   1.7225007e+00
   1.7195687e+00
   1.7166366e+00
   1.7137046e+00
   1.7107726e+00
   1.7078406e+00
   1.7049086e+00
   1.7019766e+00
   1.6990445e+00
   1.6961125e+00
   1.6931805e+00
   1.6902485e+00
   1.6873165e+00
   1.6843845e+00
   1.6814524e+00
   1.6785204e+00
   1.6755884e+00
   1.6726564e+00
   1.6697244e+00
   1.6667924e+00
   1.6638603e+00
   1.6609283e+00
   1.6579963e+00
   1.6550643e+00
   1.6521323e+00
   1.6492003e+00
   1.6462682e+00
   1.6433362e+00
   1.6404042e+00
   1.6374722e+00
   1.6345402e+00
   1.6316082e+00
   1.6286761e+00
   1.6257441e+00
   1.6228121e+00
   1.6198801e+00
   1.6169481e+00
   1.6140161e+00
   1.6110840e+00
   1.6083025e+00
   1.6058367e+00
   1.6033709e+00
   1.6009051e+00
   1.5984392e+00
   1.5959734e+00
   1.5935076e+00
   1.5910418e+00
   1.5885760e+00
   1.5861102e+00
   1.5836444e+00
   1.5811786e+00
   1.5787128e+00
   1.5762470e+00
   1.5737811e+00
   1.5713153e+00
   1.5688495e+00
   1.5663837e+00
   1.5639179e+00
   1.5614521e+00
   1.5589863e+00
   1.5565205e+00
   1.5540547e+00
   1.5515888e+00
   1.5491230e+00
   1.5466572e+00
   1.5441914e+00
   1.5417256e+00
   1.5392598e+00
   1.5367940e+00
   1.5343282e+00
   1.5318624e+00
   1.5293966e+00
   1.5269307e+00
   1.5244649e+00
   1.5219991e+00
   1.5195333e+00
   1.5170675e+00
   1.5146017e+00
   1.5121359e+00
   1.5096701e+00
   1.5072043e+00
   1.5047384e+00
   1.5022726e+00
   1.4998068e+00
   1.4973410e+00
   1.4948752e+00
   1.4924094e+00
   1.4899436e+00
   1.4874778e+00
   1.4850120e+00
   1.4825462e+00
   1.4800803e+00
   1.4776145e+00
   1.4751487e+00
   1.4726829e+00
   1.4702171e+00
   1.4677513e+00
   1.4652855e+00
   1.4628197e+00
   1.4603539e+00
   1.4578880e+00
   1.4554222e+00
   1.4529564e+00
   1.4504906e+00
   1.4480248e+00
   1.4455590e+00
   1.4430932e+00
   1.4406274e+00
   1.4381616e+00
   1.4356958e+00
   1.4332299e+00
   1.4307641e+00
   1.4282983e+00
   1.4258325e+00
   1.4233667e+00
   1.4209009e+00
   1.4184351e+00
   1.4159693e+00
   1.4135035e+00
   1.4110376e+00
   1.4085718e+00
   1.4061060e+00
   1.4036402e+00
   1.4011744e+00
   1.3987086e+00
   1.3962428e+00
   1.3937770e+00
   1.3913112e+00
   1.3888454e+00
   1.3863795e+00
   1.3839137e+00
   1.3814479e+00
   1.3789821e+00
   1.3765163e+00
   1.3740505e+00
   1.3715847e+00
   1.3691189e+00
   1.3666531e+00
   1.3641872e+00
   1.3617214e+00
   1.3592556e+00
   1.3567898e+00
   1.3543240e+00
   1.3518582e+00
   1.3493924e+00
   1.3469266e+00
   1.3444608e+00
   1.3419949e+00
   1.3395291e+00
   1.3370633e+00
   1.3345975e+00
   1.3321317e+00
   1.3296659e+00
   1.3272001e+00
   1.3247343e+00
   1.3222685e+00
   1.3200305e+00
   1.3179843e+00
   1.3159382e+00
   1.3138921e+00
   1.3118459e+00
   1.3097998e+00
   1.3077536e+00
   1.3057075e+00
   1.3036614e+00
   1.3016152e+00
   1.2995691e+00
   1.2975230e+00
   1.2954768e+00
   1.2934307e+00
   1.2913845e+00
   1.2893384e+00
   1.2872923e+00
   1.2852461e+00
   1.2832000e+00
   1.2811539e+00
   1.2791077e+00
   1.2770616e+00
   1.2750154e+00
   1.2729693e+00
   1.2709232e+00
   1.2688770e+00
   1.2668309e+00
   1.2647848e+00
   1.2627386e+00
   1.2606925e+00
   1.2586463e+00
   1.2566002e+00
   1.2545541e+00
   1.2525079e+00
   1.2504618e+00
   1.2484157e+00
   1.2463695e+00
   1.2443234e+00
   1.2422773e+00
   1.2402311e+00
   1.2381850e+00
   1.2361388e+00
   1.2340927e+00
   1.2320466e+00
   1.2300004e+00
   1.2279543e+00
   1.2259082e+00
   1.2238620e+00
   1.2218159e+00
   1.2197697e+00
   1.2177236e+00
   1.2156775e+00
   1.2136313e+00
   1.2115852e+00
   1.2095391e+00
   1.2074929e+00
   1.2054468e+00
   1.2034006e+00
   1.2013545e+00
   1.1993084e+00
   1.1972622e+00
   1.1952161e+00
   1.1931700e+00
   1.1911238e+00
   1.1890777e+00
   1.1870315e+00
   1.1849854e+00
   1.1829393e+00
   1.1808931e+00
   1.1788470e+00
   1.1768009e+00
   1.1747547e+00
   1.1727086e+00
   1.1706624e+00
   1.1686163e+00
   1.1665702e+00
   1.1645240e+00
   1.1624779e+00
   1.1604318e+00
   1.1583856e+00
   1.1563395e+00
   1.1542934e+00
   1.1522472e+00
   1.1502011e+00
   1.1481549e+00
   1.1461088e+00
   1.1440627e+00
   1.1420165e+00
   1.1399704e+00
   1.1379243e+00
   1.1358781e+00
   1.1338320e+00
   1.1317858e+00
   1.1297397e+00
   1.1276936e+00
   1.1256474e+00
   1.1236013e+00
   1.1215552e+00
   1.1195090e+00
   1.1174629e+00
   1.1154167e+00
   1.1133706e+00
   1.1113245e+00
   1.1092783e+00
   1.1072322e+00
   1.1051861e+00
   1.1031399e+00
   1.1010938e+00
   1.0990476e+00
   1.0970015e+00
   1.0949554e+00
   1.0929092e+00
   1.0908631e+00
   1.0888170e+00
   1.0867708e+00
   1.0847247e+00
   1.0826785e+00
   1.0806324e+00
   1.0785863e+00
   1.0765401e+00
   1.0744940e+00
   1.0724479e+00
   1.0704017e+00
   1.0683556e+00
   1.0663094e+00
   1.0642633e+00
   1.0622172e+00
   1.0601710e+00
   1.0581249e+00
   1.0560788e+00
   1.0540326e+00
   1.0519865e+00
   1.0501256e+00
   1.0485460e+00
   1.0469664e+00
   1.0453868e+00
   1.0438072e+00
   1.0422276e+00
   1.0406479e+00
   1.0390683e+00
   1.0374887e+00
   1.0359091e+00
   1.0343295e+00
   1.0327499e+00
   1.0311703e+00
   1.0295906e+00
   1.0280110e+00
   1.0264314e+00
   1.0248518e+00
   1.0232722e+00
   1.0216926e+00
   1.0201130e+00
   1.0185334e+00
   1.0169537e+00
   1.0153741e+00
   1.0137945e+00
   1.0122149e+00
   1.0106353e+00
   1.0090557e+00
   1.0074761e+00
   1.0058964e+00
   1.0043168e+00
   1.0027372e+00
   1.0011576e+00
   9.9957799e-01
   9.9799838e-01
   9.9641877e-01
   9.9483915e-01
   9.9325954e-01
   9.9167993e-01
   9.9010031e-01
   9.8852070e-01
   9.8694109e-01
   9.8536147e-01
   9.8378186e-01
   9.8220225e-01
   9.8062263e-01
   9.7904302e-01
   9.7746341e-01
   9.7588379e-01
   9.7430418e-01
   9.7272457e-01
   9.7114495e-01
   9.6956534e-01
   9.6798573e-01
   9.6640611e-01
   9.6482650e-01
   9.6324689e-01
   9.6166727e-01
   9.6008766e-01
   9.5850805e-01
   9.5692843e-01
   9.5534882e-01
   9.5376921e-01
   9.5218959e-01
   9.5060998e-01
   9.4903037e-01
   9.4745075e-01
   9.4587114e-01
   9.4429153e-01
   9.4271191e-01
   9.4113230e-01
   9.3955268e-01
   9.3797307e-01
   9.3639346e-01
   9.3481384e-01
   9.3323423e-01
   9.3165462e-01
   9.3007500e-01
   9.2849539e-01
   9.2691578e-01
   9.2533616e-01
   9.2375655e-01
   9.2217694e-01
   9.2059732e-01
   9.1901771e-01
   9.1743810e-01
   9.1585848e-01
   9.1427887e-01
   9.1269926e-01
   9.1111964e-01
   9.0954003e-01
   9.0796042e-01
   9.0638080e-01
   9.0480119e-01
   9.0322158e-01
   9.0164196e-01
   9.0006235e-01
   8.9848274e-01
   8.9690312e-01
   8.9532351e-01
   8.9374390e-01
   8.9216428e-01
   8.9058467e-01
   8.8900506e-01
   8.8742544e-01
   8.8584583e-01
   8.8426622e-01
   8.8268660e-01
   8.8110699e-01
   8.7952738e-01
   8.7794776e-01
   8.7636815e-01
   8.7478854e-01
   8.7320892e-01
   8.7162931e-01
   8.7004970e-01
   8.6847008e-01
   8.6689047e-01
   8.6531086e-01
   8.6373124e-01
   8.6215163e-01
   8.6057201e-01
   8.5899240e-01
   8.5741279e-01
   8.5583317e-01
   8.5425356e-01
   8.5267395e-01
   8.5109433e-01
   8.4951472e-01
   8.4793511e-01
   8.4635549e-01
   8.4477588e-01
   8.4319627e-01
   8.4178977e-01
   8.4043685e-01
   8.3908394e-01
   8.3773102e-01
   8.3637811e-01
   8.3502519e-01
   8.3367228e-01
   8.3231937e-01
   8.3096645e-01
   8.2961354e-01
   8.2826062e-01
   8.2690771e-01
   8.2555479e-01
   8.2420188e-01
   8.2284896e-01
   8.2149605e-01
   8.2014314e-01
   8.1879022e-01
   8.1743731e-01
   8.1608439e-01
   8.1473148e-01
   8.1337856e-01
   8.1202565e-01
   8.1067273e-01
   8.0931982e-01
   8.0796691e-01
   8.0661399e-01
   8.0526108e-01
   8.0390816e-01
   8.0255525e-01
   8.0120233e-01
   7.9984942e-01
   7.9849650e-01
   7.9714359e-01
   7.9579067e-01
   7.9443776e-01
   7.9308485e-01
   7.9173193e-01
   7.9037902e-01
   7.8902610e-01
   7.8767319e-01
   7.8632027e-01
   7.8496736e-01
   7.8361444e-01
   7.8226153e-01
   7.8090862e-01
   7.7955570e-01
   7.7820279e-01
   7.7684987e-01
   7.7549696e-01
   7.7414404e-01
   7.7279113e-01
   7.7143821e-01
   7.7008530e-01
   7.6873238e-01
   7.6737947e-01
   7.6602656e-01
   7.6467364e-01
   7.6332073e-01
   7.6196781e-01
   7.6061490e-01
   7.5926198e-01
   7.5790907e-01
   7.5655615e-01
   7.5520324e-01
   7.5385033e-01
   7.5249741e-01
   7.5114450e-01
   7.4979158e-01
   7.4843867e-01
   7.4708575e-01
   7.4573284e-01
   7.4437992e-01
   7.4302701e-01
   7.4167410e-01
   7.4032118e-01
   7.3896827e-01
   7.3761535e-01
   7.3626244e-01
   7.3490952e-01
   7.3355661e-01
   7.3220369e-01
   7.3085078e-01
   7.2949786e-01
   7.2814495e-01
   7.2679204e-01
   7.2543912e-01
   7.2408621e-01
   7.2273329e-01
   7.2138038e-01
   7.2002746e-01
   7.1867455e-01
   7.1732163e-01
   7.1596872e-01
   7.1461581e-01
   7.1326289e-01
   7.1190998e-01
   7.1055706e-01
   7.0920415e-01
   7.0785123e-01
   7.0649832e-01
   7.0514540e-01
   7.0379249e-01
   7.0243957e-01
   7.0108666e-01
   6.9973375e-01
   6.9838083e-01
   6.9702792e-01
   6.9567500e-01
   6.9432209e-01
   6.9296917e-01
   6.9161626e-01
   6.9026334e-01
   6.8891043e-01
   6.8755752e-01
   6.8620460e-01
   6.8485169e-01
   6.8349877e-01
   6.8214586e-01
   6.8079294e-01
   6.7944003e-01
   6.7808711e-01
   6.7673420e-01
   6.7538129e-01
   6.7402837e-01
   6.7267546e-01
   6.7132254e-01
   6.6996963e-01
   6.6861671e-01
   6.6726380e-01
   6.6591088e-01
   6.6455797e-01
   6.6320505e-01
   6.6185214e-01
   6.6049923e-01
   6.5914631e-01
   6.5779340e-01
   6.5644048e-01
   6.5508757e-01
   6.5373465e-01
   6.5238174e-01
   6.5102882e-01
   6.4967591e-01
   6.4832300e-01
   6.4697008e-01
   6.4561717e-01
   6.4426425e-01
   6.4291134e-01
   6.4155842e-01
   6.4020551e-01
   6.3885259e-01
   6.3749968e-01
   6.3634594e-01
   6.3530307e-01
   6.3426020e-01
   6.3321733e-01
   6.3217446e-01
   6.3113159e-01
   6.3008872e-01
   6.2904585e-01
   6.2800298e-01
   6.2696011e-01
   6.2591724e-01
   6.2487437e-01
   6.2383149e-01
   6.2278862e-01
   6.2174575e-01
   6.2070288e-01
   6.1966001e-01
   6.1861714e-01
   6.1757427e-01
   6.1653140e-01
   6.1548853e-01
   6.1444566e-01
   6.1340279e-01
   6.1235992e-01
   6.1131705e-01
   6.1027418e-01
   6.0923131e-01
   6.0818844e-01
   6.0714556e-01
   6.0610269e-01
   6.0505982e-01
   6.0401695e-01
   6.0297408e-01
   6.0193121e-01
   6.0088834e-01
   5.9984547e-01
   5.9880260e-01
   5.9775973e-01
   5.9671686e-01
   5.9567399e-01
   5.9463112e-01
   5.9358825e-01
   5.9254538e-01
   5.9150250e-01
   5.9045963e-01
   5.8941676e-01
   5.8837389e-01
   5.8733102e-01
   5.8628815e-01
   5.8524528e-01
   5.8420241e-01
   5.8315954e-01
   5.8211667e-01
   5.8107380e-01
   5.8003093e-01
   5.7898806e-01
   5.7794519e-01
   5.7690232e-01
   5.7585944e-01
   5.7481657e-01
   5.7377370e-01
   5.7273083e-01
   5.7168796e-01
   5.7064509e-01
   5.6960222e-01
   5.6855935e-01
   5.6751648e-01
   5.6647361e-01
   5.6543074e-01
   5.6438787e-01
   5.6334500e-01
   5.6230213e-01
   5.6125926e-01
   5.6021639e-01
   5.5917351e-01
   5.5813064e-01
   5.5708777e-01
   5.5604490e-01
   5.5500203e-01
   5.5395916e-01
   5.5291629e-01
   5.5187342e-01
   5.5083055e-01
   5.4978768e-01
   5.4874481e-01
   5.4770194e-01
   5.4665907e-01
   5.4561620e-01
   5.4457333e-01
   5.4353045e-01
   5.4248758e-01
   5.4144471e-01
   5.4040184e-01
   5.3935897e-01
   5.3831610e-01
   5.3727323e-01
   5.3623036e-01
   5.3518749e-01
   5.3414462e-01
   5.3310175e-01
   5.3205888e-01
   5.3101601e-01
   5.2997314e-01
   5.2893027e-01
   5.2788739e-01
   5.2684452e-01
   5.2580165e-01
   5.2475878e-01
   5.2371591e-01
   5.2267304e-01
   5.2163017e-01
   5.2058730e-01
   5.1954443e-01
   5.1850156e-01
   5.1745869e-01
   5.1641582e-01
   5.1537295e-01
   5.1433008e-01
   5.1328721e-01
   5.1224434e-01
   5.1120146e-01
   5.1015859e-01
   5.0911572e-01
   5.0807285e-01
   5.0702998e-01
   5.0598711e-01
   5.0494424e-01
   5.0390137e-01
   5.0285850e-01
   5.0181563e-01
   5.0077276e-01
   4.9972989e-01
   4.9868702e-01
   4.9764415e-01
   4.9660128e-01
   4.9555840e-01
   4.9451553e-01
   4.9347266e-01
   4.9242979e-01
   4.9138692e-01
   4.9034405e-01
   4.8930118e-01
   4.8825831e-01
   4.8721544e-01
   4.8617257e-01
   4.8512970e-01
   4.8408683e-01
   4.8304396e-01
   4.8200109e-01
   4.8095822e-01
   4.7991534e-01
   4.7887247e-01
   4.7782960e-01
   4.7678673e-01
   4.7574386e-01
   4.7470099e-01
   4.7365812e-01
   4.7261525e-01
   4.7157238e-01
   4.7052951e-01
   4.6948664e-01
   4.6844377e-01
   4.6740090e-01
   4.6635803e-01
   4.6531516e-01
   4.6427229e-01
   4.6322941e-01
   4.6218654e-01
   4.6114367e-01
   4.6010080e-01
   4.5928067e-01
   4.5861248e-01
   4.5794429e-01
   4.5727610e-01
   4.5660791e-01
   4.5593972e-01
   4.5527153e-01
   4.5460334e-01
   4.5393515e-01
   4.5326696e-01
   4.5259877e-01
   4.5193058e-01
   4.5126239e-01
   4.5059420e-01
   4.4992601e-01
   4.4925783e-01
   4.4858964e-01
   4.4792145e-01
   4.4725326e-01
   4.4658507e-01
   4.4591688e-01
   4.4524869e-01
   4.4458050e-01
   4.4391231e-01
   4.4324412e-01
   4.4257593e-01
   4.4190774e-01
   4.4123955e-01
   4.4057136e-01
   4.3990317e-01
   4.3923498e-01
   4.3856679e-01
   4.3789860e-01
   4.3723041e-01
   4.3656223e-01
   4.3589404e-01
   4.3522585e-01
   4.3455766e-01
   4.3388947e-01
   4.3322128e-01
   4.3255309e-01
   4.3188490e-01
   4.3121671e-01
   4.3054852e-01
   4.2988033e-01
   4.2921214e-01
   4.2854395e-01
   4.2787576e-01
   4.2720757e-01
   4.2653938e-01
   4.2587119e-01
   4.2520300e-01
   4.2453481e-01
   4.2386663e-01
   4.2319844e-01
   4.2253025e-01
   4.2186206e-01
   4.2119387e-01
   4.2052568e-01
   4.1985749e-01
   4.1918930e-01
   4.1852111e-01
   4.1785292e-01
   4.1718473e-01
   4.1651654e-01
   4.1584835e-01
   4.1518016e-01
   4.1451197e-01
   4.1384378e-01
   4.1317559e-01
   4.1250740e-01
   4.1183921e-01
   4.1117103e-01
   4.1050284e-01
   4.0983465e-01
   4.0916646e-01
   4.0849827e-01
   4.0783008e-01
   4.0716189e-01
   4.0649370e-01
   4.0582551e-01
   4.0515732e-01
   4.0448913e-01
   4.0382094e-01
   4.0315275e-01
   4.0248456e-01
   4.0181637e-01
   4.0114818e-01
   4.0047999e-01
   3.9981180e-01
   3.9914361e-01
   3.9847543e-01
   3.9780724e-01
   3.9713905e-01
   3.9647086e-01
   3.9580267e-01
   3.9513448e-01
   3.9446629e-01
   3.9379810e-01
   3.9312991e-01
   3.9246172e-01
   3.9179353e-01
   3.9112534e-01
   3.9045715e-01
   3.8978896e-01
   3.8912077e-01
   3.8845258e-01
   3.8778439e-01
   3.8711620e-01
   3.8644801e-01
   3.8577983e-01
   3.8511164e-01
   3.8444345e-01
   3.8377526e-01
   3.8310707e-01
   3.8243888e-01
   3.8177069e-01
   3.8110250e-01
   3.8043431e-01
   3.7976612e-01
   3.7909793e-01
   3.7842974e-01
   3.7776155e-01
   3.7709336e-01
   3.7642517e-01
   3.7575698e-01
   3.7508879e-01
   3.7442060e-01
   3.7375241e-01
   3.7308423e-01
   3.7241604e-01
   3.7174785e-01
   3.7107966e-01
   3.7041147e-01
   3.6974328e-01
   3.6907509e-01
   3.6840690e-01
   3.6773871e-01
   3.6707052e-01
   3.6640233e-01
   3.6573414e-01
   3.6506595e-01
   3.6439776e-01
   3.6372957e-01
   3.6306138e-01
   3.6239319e-01
   3.6172500e-01
   3.6105681e-01
   3.6038863e-01
   3.5972044e-01
   3.5905225e-01
   3.5838406e-01
   3.5771587e-01
   3.5704768e-01
   3.5637949e-01
   3.5571130e-01
   3.5504311e-01
   3.5437492e-01
   3.5370673e-01
   3.5303854e-01
   3.5237035e-01
   3.5170216e-01
   3.5103397e-01
   3.5036578e-01
   3.4969759e-01
   3.4902940e-01
   3.4836121e-01
   3.4769302e-01
   3.4702484e-01
   3.4635665e-01
   3.4568846e-01
   3.4502027e-01
   3.4435208e-01
   3.4368389e-01
   3.4301570e-01
   3.4254455e-01
   3.4208670e-01
   3.4162884e-01
   3.4117099e-01
   3.4071314e-01
   3.4025528e-01
   3.3979743e-01
   3.3933958e-01
   3.3888173e-01
   3.3842387e-01
   3.3796602e-01
   3.3750817e-01
   3.3705032e-01
   3.3659246e-01
   3.3613461e-01
   3.3567676e-01
   3.3521890e-01
   3.3476105e-01
   3.3430320e-01
   3.3384535e-01
   3.3338749e-01
   3.3292964e-01
   3.3247179e-01
   3.3201393e-01
   3.3155608e-01
   3.3109823e-01
   3.3064038e-01
   3.3018252e-01
   3.2972467e-01
   3.2926682e-01
   3.2880896e-01
   3.2835111e-01
   3.2789326e-01
   3.2743541e-01
   3.2697755e-01
   3.2651970e-01
   3.2606185e-01
   3.2560399e-01
   3.2514614e-01
   3.2468829e-01
   3.2423044e-01
   3.2377258e-01
   3.2331473e-01
   3.2285688e-01
   3.2239903e-01
   3.2194117e-01
   3.2148332e-01
   3.2102547e-01
   3.2056761e-01
   3.2010976e-01
   3.1965191e-01
   3.1919406e-01
   3.1873620e-01
   3.1827835e-01
   3.1782050e-01
   3.1736264e-01
   3.1690479e-01
   3.1644694e-01
   3.1598909e-01
   3.1553123e-01
   3.1507338e-01
   3.1461553e-01
   3.1415767e-01
   3.1369982e-01
   3.1324197e-01
   3.1278412e-01
   3.1232626e-01
   3.1186841e-01
   3.1141056e-01
   3.1095271e-01
   3.1049485e-01
   3.1003700e-01
   3.0957915e-01
   3.0912129e-01
   3.0866344e-01
   3.0820559e-01
   3.0774774e-01
   3.0728988e-01
   3.0683203e-01
   3.0637418e-01
   3.0591632e-01
   3.0545847e-01
   3.0500062e-01
   3.0454277e-01
   3.0408491e-01
   3.0362706e-01
   3.0316921e-01
   3.0271135e-01
   3.0225350e-01
   3.0179565e-01
   3.0133780e-01
   3.0087994e-01
   3.0042209e-01
   2.9996424e-01
   2.9950638e-01
   2.9904853e-01
   2.9859068e-01
   2.9813283e-01
   2.9767497e-01
   2.9721712e-01
   2.9675927e-01
   2.9630142e-01
   2.9584356e-01
   2.9538571e-01
   2.9492786e-01
   2.9447000e-01
   2.9401215e-01
   2.9355430e-01
   2.9309645e-01
   2.9263859e-01
   2.9218074e-01
   2.9172289e-01
   2.9126503e-01
   2.9080718e-01
   2.9034933e-01
   2.8989148e-01
   2.8943362e-01
   2.8897577e-01
   2.8851792e-01
   2.8806006e-01
   2.8760221e-01
   2.8714436e-01
   2.8668651e-01
   2.8622865e-01
   2.8577080e-01
   2.8531295e-01
   2.8485510e-01
   2.8439724e-01
   2.8393939e-01
   2.8348154e-01
   2.8302368e-01
   2.8256583e-01
   2.8210798e-01
   2.8165013e-01
   2.8119227e-01
   2.8073442e-01
   2.8027657e-01
   2.7981871e-01
   2.7936086e-01
   2.7890301e-01
   2.7844516e-01
   2.7798730e-01
   2.7752945e-01
   2.7707160e-01
   2.7661374e-01
   2.7615589e-01
   2.7569804e-01
   2.7524019e-01
   2.7478233e-01
   2.7432448e-01
   2.7386663e-01
   2.7340877e-01
   2.7295092e-01
   2.7249307e-01
   2.7203522e-01
   2.7157736e-01
   2.7111951e-01
   2.7066166e-01
   2.7020381e-01
   2.6974595e-01
   2.6928810e-01
   2.6883025e-01
   2.6837239e-01
   2.6791454e-01
   2.6745669e-01
   2.6699884e-01
   2.6654098e-01
   2.6608313e-01
   2.6562528e-01
   2.6516742e-01
   2.6470957e-01
   2.6425172e-01
   2.6379387e-01
   2.6333601e-01
   2.6287816e-01
   2.6242031e-01
   2.6196245e-01
   2.6150460e-01
   2.6104675e-01
   2.6058890e-01
   2.6013104e-01
   2.5967319e-01
   2.5921534e-01
   2.5875748e-01
   2.5829963e-01
   2.5784178e-01
   2.5738393e-01
   2.5692607e-01
   2.5646822e-01
   2.5601037e-01
   2.5555252e-01
   2.5509466e-01
   2.5463681e-01
   2.5417896e-01
   2.5372110e-01
   2.5326325e-01
   2.5280540e-01
   2.5234755e-01
   2.5188969e-01
   2.5143184e-01
   2.5097399e-01
   2.5051613e-01
   2.5005828e-01
   2.4960043e-01
   2.4914258e-01
   2.4868472e-01
   2.4822687e-01
   2.4776902e-01
   2.4731116e-01
   2.4685331e-01
   2.4639546e-01
   2.4593761e-01
   2.4547975e-01
   2.4502190e-01
   2.4456405e-01
   2.4410620e-01
   2.4364834e-01
   2.4319049e-01
   2.4273264e-01
   2.4227478e-01
   2.4181693e-01
   2.4135908e-01
   2.4090123e-01
   2.4044337e-01
   2.3998552e-01
   2.3952767e-01
   2.3906981e-01
   2.3861196e-01
   2.3815411e-01
   2.3769626e-01
   2.3723840e-01
   2.3678055e-01
   2.3632270e-01
   2.3586484e-01
   2.3540699e-01
   2.3494914e-01
   2.3461999e-01
   2.3431986e-01
   2.3401973e-01
   2.3371961e-01
   2.3341948e-01
   2.3311935e-01
   2.3281922e-01
   2.3251910e-01
   2.3221897e-01
   2.3191884e-01
   2.3161871e-01
   2.3131859e-01
   2.3101846e-01
   2.3071833e-01
   2.3041821e-01
   2.3011808e-01
   2.2981795e-01
   2.2951782e-01
   2.2921770e-01
   2.2891757e-01
   2.2861744e-01
   2.2831732e-01
   2.2801719e-01
   2.2771706e-01
   2.2741693e-01
   2.2711681e-01
   2.2681668e-01
   2.2651655e-01
   2.2621642e-01
   2.2591630e-01
   2.2561617e-01
   2.2531604e-01
   2.2501592e-01
   2.2471579e-01
   2.2441566e-01
   2.2411553e-01
   2.2381541e-01
   2.2351528e-01
   2.2321515e-01
   2.2291502e-01
   2.2261490e-01
   2.2231477e-01
   2.2201464e-01
   2.2171452e-01
   2.2141439e-01
   2.2111426e-01
   2.2081413e-01
   2.2051401e-01
   2.2021388e-01
   2.1991375e-01
   2.1961362e-01
   2.1931350e-01
   2.1901337e-01
   2.1871324e-01
   2.1841312e-01
   2.1811299e-01
   2.1781286e-01
   2.1751273e-01
   2.1721261e-01
   2.1691248e-01
   2.1661235e-01
   2.1631222e-01
   2.1601210e-01
   2.1571197e-01
   2.1541184e-01
   2.1511172e-01
   2.1481159e-01
   2.1451146e-01
   2.1421133e-01
   2.1391121e-01
   2.1361108e-01
   2.1331095e-01
   2.1301082e-01
   2.1271070e-01
   2.1241057e-01
   2.1211044e-01
   2.1181032e-01
   2.1151019e-01
   2.1121006e-01
   2.1090993e-01
   2.1060981e-01
   2.1030968e-01
   2.1000955e-01
   2.0970942e-01
   2.0940930e-01
   2.0910917e-01
   2.0880904e-01
   2.0850892e-01
   2.0820879e-01
   2.0790866e-01
   2.0760853e-01
   2.0730841e-01
   2.0700828e-01
   2.0670815e-01
   2.0640803e-01
   2.0610790e-01
   2.0580777e-01
   2.0550764e-01
   2.0520752e-01
   2.0490739e-01
   2.0460726e-01
   2.0430713e-01
   2.0400701e-01
   2.0370688e-01
   2.0340675e-01
   2.0310663e-01
   2.0280650e-01
   2.0250637e-01
   2.0220624e-01
   2.0190612e-01
   2.0160599e-01
   2.0130586e-01
   2.0100573e-01
   2.0070561e-01
   2.0040548e-01
   2.0010535e-01
   1.9980523e-01
   1.9950510e-01
   1.9920497e-01
   1.9890484e-01
   1.9860472e-01
   1.9830459e-01
   1.9800446e-01
   1.9770433e-01
   1.9740421e-01
   1.9710408e-01
   1.9680395e-01
   1.9650383e-01
   1.9620370e-01
   1.9590357e-01
   1.9560344e-01
   1.9530332e-01
   1.9500319e-01
   1.9470306e-01
   1.9440293e-01
   1.9410281e-01
   1.9380268e-01
   1.9350255e-01
   1.9320243e-01
   1.9290230e-01
   1.9260217e-01
   1.9230204e-01
   1.9200192e-01
   1.9170179e-01
   1.9140166e-01
   1.9110153e-01
   1.9080141e-01
   1.9050128e-01
   1.9020115e-01
   1.8990103e-01
   1.8960090e-01
   1.8930077e-01
   1.8900064e-01
   1.8870052e-01
   1.8840039e-01
   1.8810026e-01
   1.8780014e-01
   1.8750001e-01
   1.8719988e-01
   1.8689975e-01
   1.8659963e-01
   1.8629950e-01
   1.8599937e-01
   1.8569924e-01
   1.8539912e-01
   1.8509899e-01
   1.8479886e-01
   1.8449874e-01
   1.8419861e-01
   1.8389848e-01
   1.8359835e-01
   1.8329823e-01
   1.8299810e-01
   1.8269797e-01
   1.8239784e-01
   1.8209772e-01
   1.8179759e-01
   1.8149746e-01
   1.8119734e-01
   1.8089721e-01
   1.8059708e-01
   1.8029695e-01
   1.7999683e-01
   1.7969670e-01
   1.7939657e-01
   1.7909644e-01
   1.7879632e-01
   1.7849619e-01
   1.7819606e-01
   1.7789594e-01
   1.7759581e-01
   1.7729568e-01
   1.7699555e-01
   1.7669543e-01
   1.7639530e-01
   1.7609517e-01
   1.7579504e-01
   1.7549492e-01
   1.7519479e-01
   1.7489466e-01
   1.7459454e-01
   1.7429441e-01
   1.7399428e-01
   1.7369415e-01
   1.7339403e-01
   1.7309390e-01
   1.7279377e-01
   1.7249364e-01
   1.7219352e-01
   1.7189339e-01
   1.7159326e-01
   1.7129314e-01
   1.7099301e-01
   1.7069288e-01
   1.7039275e-01
   1.7009263e-01
   1.6979250e-01
   1.6949237e-01
   1.6919225e-01
   1.6889212e-01
   1.6859199e-01
   1.6829186e-01
   1.6799174e-01
   1.6769161e-01
   1.6739148e-01
   1.6709135e-01
   1.6679123e-01
   1.6649110e-01
   1.6619097e-01
   1.6589085e-01
   1.6559072e-01
   1.6529059e-01
   1.6499046e-01
   1.6469034e-01
   1.6447579e-01
   1.6429069e-01
   1.6410560e-01
   1.6392050e-01
   1.6373540e-01
   1.6355031e-01
   1.6336521e-01
   1.6318012e-01
   1.6299502e-01
   1.6280993e-01
   1.6262483e-01
   1.6243974e-01
   1.6225464e-01
   1.6206954e-01
   1.6188445e-01
   1.6169935e-01
   1.6151426e-01
   1.6132916e-01
   1.6114407e-01
   1.6095897e-01
   1.6077387e-01
   1.6058878e-01
   1.6040368e-01
   1.6021859e-01
   1.6003349e-01
   1.5984840e-01
   1.5966330e-01
   1.5947820e-01
   1.5929311e-01
   1.5910801e-01
   1.5892292e-01
   1.5873782e-01
   1.5855273e-01
   1.5836763e-01
   1.5818254e-01
   1.5799744e-01
   1.5781234e-01
   1.5762725e-01
   1.5744215e-01
   1.5725706e-01
   1.5707196e-01
   1.5688687e-01
   1.5670177e-01
   1.5651667e-01
   1.5633158e-01
   1.5614648e-01
   1.5596139e-01
   1.5577629e-01
   1.5559120e-01
   1.5540610e-01
   1.5522101e-01
   1.5503591e-01
   1.5485081e-01
   1.5466572e-01
   1.5448062e-01
   1.5429553e-01
   1.5411043e-01
   1.5392534e-01
   1.5374024e-01
   1.5355514e-01
   1.5337005e-01
   1.5318495e-01
   1.5299986e-01
   1.5281476e-01
   1.5262967e-01
   1.5244457e-01
   1.5225948e-01
   1.5207438e-01
   1.5188928e-01
   1.5170419e-01
   1.5151909e-01
   1.5133400e-01
   1.5114890e-01
   1.5096381e-01
   1.5077871e-01
   1.5059361e-01
   1.5040852e-01
   1.5022342e-01
   1.5003833e-01
   1.4985323e-01
   1.4966814e-01
   1.4948304e-01
   1.4929794e-01
   1.4911285e-01
   1.4892775e-01
   1.4874266e-01
   1.4855756e-01
   1.4837247e-01
   1.4818737e-01
   1.4800228e-01
   1.4781718e-01
   1.4763208e-01
   1.4744699e-01
   1.4726189e-01
   1.4707680e-01
   1.4689170e-01
   1.4670661e-01
   1.4652151e-01
   1.4633641e-01
   1.4615132e-01
   1.4596622e-01
   1.4578113e-01
   1.4559603e-01
   1.4541094e-01
   1.4522584e-01
   1.4504075e-01
   1.4485565e-01
   1.4467055e-01
   1.4448546e-01
   1.4430036e-01
   1.4411527e-01
   1.4393017e-01
   1.4374508e-01
   1.4355998e-01
   1.4337488e-01
   1.4318979e-01
   1.4300469e-01
   1.4281960e-01
   1.4263450e-01
   1.4244941e-01
   1.4226431e-01
   1.4207921e-01
   1.4189412e-01
   1.4170902e-01
   1.4152393e-01
   1.4133883e-01
   1.4115374e-01
   1.4096864e-01
   1.4078355e-01
   1.4059845e-01
   1.4041335e-01
   1.4022826e-01
   1.4004316e-01
   1.3985807e-01
   1.3967297e-01
   1.3948788e-01
   1.3930278e-01
   1.3911768e-01
   1.3893259e-01
   1.3874749e-01
   1.3856240e-01
   1.3837730e-01
   1.3819221e-01
   1.3800711e-01
   1.3782202e-01
   1.3763692e-01
   1.3745182e-01
   1.3726673e-01
   1.3708163e-01
   1.3689654e-01
   1.3671144e-01
   1.3652635e-01
   1.3634125e-01
   1.3615615e-01
   1.3597106e-01
   1.3578596e-01
   1.3560087e-01
   1.3541577e-01
   1.3523068e-01
   1.3504558e-01
   1.3486049e-01
   1.3467539e-01
   1.3449029e-01
   1.3430520e-01
   1.3412010e-01
   1.3393501e-01
   1.3374991e-01
   1.3356482e-01
   1.3337972e-01
   1.3319462e-01
   1.3300953e-01
   1.3282443e-01
   1.3263934e-01
   1.3245424e-01
   1.3226915e-01
   1.3208405e-01
   1.3189895e-01
   1.3171386e-01
   1.3152876e-01
   1.3134367e-01
   1.3115857e-01
   1.3097348e-01
   1.3078838e-01
   1.3060329e-01
   1.3041819e-01
   1.3023309e-01
   1.3004800e-01
   1.2986290e-01
   1.2967781e-01
   1.2949271e-01
   1.2930762e-01
   1.2912252e-01
   1.2893742e-01
   1.2875233e-01
   1.2856723e-01
   1.2838214e-01
   1.2819704e-01
   1.2801195e-01
   1.2782685e-01
   1.2764176e-01
   1.2745666e-01
   1.2727156e-01
   1.2708647e-01
   1.2690137e-01
   1.2671628e-01
   1.2653118e-01
   1.2634609e-01
   1.2616099e-01
   1.2597589e-01
   1.2579080e-01
   1.2560570e-01
   1.2542061e-01
   1.2523551e-01
   1.2505042e-01
   1.2486532e-01
   1.2468022e-01
   1.2449513e-01
   1.2431003e-01
   1.2412494e-01
   1.2393984e-01
   1.2375475e-01
   1.2356965e-01
   1.2338456e-01
   1.2319946e-01
   1.2301436e-01
   1.2288054e-01
   1.2275296e-01
   1.2262538e-01
   1.2249780e-01
   1.2237022e-01
   1.2224264e-01
   1.2211506e-01
   1.2198749e-01
   1.2185991e-01
   1.2173233e-01
   1.2160475e-01
   1.2147717e-01
   1.2134959e-01
   1.2122201e-01
   1.2109443e-01
   1.2096685e-01
   1.2083928e-01
   1.2071170e-01
   1.2058412e-01
   1.2045654e-01
   1.2032896e-01
   1.2020138e-01
   1.2007380e-01
   1.1994622e-01
   1.1981864e-01
   1.1969106e-01
   1.1956349e-01
   1.1943591e-01
   1.1930833e-01
   1.1918075e-01
   1.1905317e-01
   1.1892559e-01
   1.1879801e-01
   1.1867043e-01
   1.1854285e-01
   1.1841527e-01
   1.1828770e-01
   1.1816012e-01
   1.1803254e-01
   1.1790496e-01
   1.1777738e-01
   1.1764980e-01
   1.1752222e-01
   1.1739464e-01
   1.1726706e-01
   1.1713948e-01
   1.1701191e-01
   1.1688433e-01
   1.1675675e-01
   1.1662917e-01
   1.1650159e-01
   1.1637401e-01
   1.1624643e-01
   1.1611885e-01
   1.1599127e-01
   1.1586370e-01
   1.1573612e-01
   1.1560854e-01
   1.1548096e-01
   1.1535338e-01
   1.1522580e-01
   1.1509822e-01
   1.1497064e-01
   1.1484306e-01
   1.1471548e-01
   1.1458791e-01
   1.1446033e-01
   1.1433275e-01
   1.1420517e-01
   1.1407759e-01
   1.1395001e-01
   1.1382243e-01
   1.1369485e-01
   1.1356727e-01
   1.1343969e-01
   1.1331212e-01
   1.1318454e-01
   1.1305696e-01
   1.1292938e-01
   1.1280180e-01
   1.1267422e-01
   1.1254664e-01
   1.1241906e-01
   1.1229148e-01
   1.1216391e-01
   1.1203633e-01
   1.1190875e-01
   1.1178117e-01
   1.1165359e-01
   1.1152601e-01
   1.1139843e-01
   1.1127085e-01
   1.1114327e-01
   1.1101569e-01
   1.1088812e-01
   1.1076054e-01
   1.1063296e-01
   1.1050538e-01
   1.1037780e-01
   1.1025022e-01
   1.1012264e-01
   1.0999506e-01
   1.0986748e-01
   1.0973990e-01
   1.0961233e-01
   1.0948475e-01
   1.0935717e-01
   1.0922959e-01
   1.0910201e-01
   1.0897443e-01
   1.0884685e-01
   1.0871927e-01
   1.0859169e-01
   1.0846411e-01
   1.0833654e-01
   1.0820896e-01
   1.0808138e-01
   1.0795380e-01
   1.0782622e-01
   1.0769864e-01
   1.0757106e-01
   1.0744348e-01
   1.0731590e-01
   1.0718833e-01
   1.0706075e-01
   1.0693317e-01
   1.0680559e-01
   1.0667801e-01
   1.0655043e-01
   1.0642285e-01
   1.0629527e-01
   1.0616769e-01
   1.0604011e-01
   1.0591254e-01
   1.0578496e-01
   1.0565738e-01
   1.0552980e-01
   1.0540222e-01
   1.0527464e-01
   1.0514706e-01
   1.0501948e-01
   1.0489190e-01
   1.0476432e-01
   1.0463675e-01
   1.0450917e-01
   1.0438159e-01
   1.0425401e-01
   1.0412643e-01
   1.0399885e-01
   1.0387127e-01
   1.0374369e-01
   1.0361611e-01
   1.0348854e-01
   1.0336096e-01
   1.0323338e-01
   1.0310580e-01
   1.0297822e-01
   1.0285064e-01
   1.0272306e-01
   1.0259548e-01
   1.0246790e-01
   1.0234032e-01
   1.0221275e-01
   1.0208517e-01
   1.0195759e-01
   1.0183001e-01
   1.0170243e-01
   1.0157485e-01
   1.0144727e-01
   1.0131969e-01
   1.0119211e-01
   1.0106453e-01
   1.0093696e-01
   1.0080938e-01
   1.0068180e-01
   1.0055422e-01
   1.0042664e-01
   1.0029906e-01
   1.0017148e-01
   1.0004390e-01
   9.9916324e-02
   9.9788745e-02
   9.9661166e-02
   9.9533587e-02
   9.9406008e-02
   9.9278429e-02
   9.9150850e-02
   9.9023271e-02
   9.8895692e-02
   9.8768113e-02
   9.8640534e-02
   9.8512955e-02
   9.8385376e-02
   9.8257797e-02
   9.8130218e-02
   9.8002639e-02
   9.7875060e-02
   9.7747481e-02
   9.7619902e-02
   9.7492323e-02
   9.7364744e-02
   9.7237165e-02
   9.7109587e-02
   9.6982008e-02
   9.6854429e-02
   9.6726850e-02
   9.6599271e-02
   9.6471692e-02
   9.6344113e-02
   9.6216534e-02
   9.6088955e-02
   9.5961376e-02
   9.5833797e-02
   9.5706218e-02
   9.5578639e-02
   9.5451060e-02
   9.5323481e-02
   9.5195902e-02
   9.5068323e-02
   9.4940744e-02
   9.4813165e-02
   9.4685586e-02
   9.4558007e-02
   9.4430428e-02
   9.4302849e-02
   9.4175270e-02
   9.4047691e-02
   9.3920112e-02
   9.3792533e-02
   9.3664954e-02
   9.3537375e-02
   9.3409796e-02
   9.3282217e-02
   9.3154638e-02
   9.3027059e-02
   9.2899480e-02
   9.2771902e-02
   9.2644323e-02
   9.2516744e-02
   9.2389165e-02
   9.2261586e-02
   9.2134007e-02
   9.2006428e-02
   9.1878849e-02
   9.1751270e-02
   9.1623691e-02
   9.1496112e-02
   9.1368533e-02
   9.1240954e-02
   9.1113375e-02
   9.0985796e-02
   9.0858217e-02
   9.0730638e-02
   9.0603059e-02
   9.0475480e-02
   9.0347901e-02
   9.0220322e-02
   9.0092743e-02
   8.9965164e-02
   8.9837585e-02
   8.9710006e-02
   8.9582427e-02
   8.9454848e-02
   8.9327269e-02
   8.9199690e-02
   8.9072111e-02
   8.8944532e-02
   8.8816953e-02
   8.8689374e-02
   8.8561795e-02
   8.8434217e-02
   8.8306638e-02
   8.8179059e-02
   8.8051480e-02
   8.7923901e-02
   8.7796322e-02
   8.7668743e-02
   8.7541164e-02
   8.7413585e-02
   8.7286006e-02
   8.7158427e-02
   8.7030848e-02
   8.6903269e-02
   8.6775690e-02
   8.6648111e-02
   8.6520532e-02
   8.6392953e-02
   8.6265374e-02
   8.6137795e-02
   8.6010216e-02
   8.5882637e-02
   8.5755058e-02
   8.5627479e-02
   8.5499900e-02
   8.5372321e-02
   8.5244742e-02
   8.5132435e-02
   8.5050875e-02
   8.4969315e-02
   8.4887756e-02
   8.4806196e-02
   8.4724636e-02
   8.4643076e-02
   8.4561516e-02
   8.4479956e-02
   8.4398396e-02
   8.4316836e-02
   8.4235276e-02
   8.4153716e-02
   8.4072156e-02
   8.3990596e-02
   8.3909036e-02
   8.3827476e-02
   8.3745916e-02
   8.3664356e-02
   8.3582796e-02
   8.3501236e-02
   8.3419677e-02
   8.3338117e-02
   8.3256557e-02
   8.3174997e-02
   8.3093437e-02
   8.3011877e-02
   8.2930317e-02
   8.2848757e-02
   8.2767197e-02
   8.2685637e-02
   8.2604077e-02
   8.2522517e-02
   8.2440957e-02
   8.2359397e-02
   8.2277837e-02
   8.2196277e-02
   8.2114717e-02
   8.2033157e-02
   8.1951598e-02
   8.1870038e-02
   8.1788478e-02
   8.1706918e-02
   8.1625358e-02
   8.1543798e-02
   8.1462238e-02
   8.1380678e-02
   8.1299118e-02
   8.1217558e-02
   8.1135998e-02
   8.1054438e-02
   8.0972878e-02
   8.0891318e-02
   8.0809758e-02
   8.0728198e-02
   8.0646638e-02
   8.0565078e-02
   8.0483519e-02
   8.0401959e-02
   8.0320399e-02
   8.0238839e-02
   8.0157279e-02
   8.0075719e-02
   7.9994159e-02
   7.9912599e-02
   7.9831039e-02
   7.9749479e-02
   7.9667919e-02
   7.9586359e-02
   7.9504799e-02
   7.9423239e-02
   7.9341679e-02
   7.9260119e-02
   7.9178559e-02
   7.9096999e-02
   7.9015440e-02
   7.8933880e-02
   7.8852320e-02
   7.8770760e-02
   7.8689200e-02
   7.8607640e-02
   7.8526080e-02
   7.8444520e-02
   7.8362960e-02
   7.8281400e-02
   7.8199840e-02
   7.8118280e-02
   7.8036720e-02
   7.7955160e-02
   7.7873600e-02
   7.7792040e-02
   7.7710480e-02
   7.7628920e-02
   7.7547361e-02
   7.7465801e-02
   7.7384241e-02
   7.7302681e-02
   7.7221121e-02
   7.7139561e-02
   7.7058001e-02
   7.6976441e-02
   7.6894881e-02
   7.6813321e-02
   7.6731761e-02
   7.6650201e-02
   7.6568641e-02
   7.6487081e-02
   7.6405521e-02
   7.6323961e-02
   7.6242401e-02
   7.6160841e-02
   7.6079282e-02
   7.5997722e-02
   7.5916162e-02
   7.5834602e-02
   7.5753042e-02
   7.5671482e-02
   7.5589922e-02
   7.5508362e-02
   7.5426802e-02
   7.5345242e-02
   7.5263682e-02
   7.5182122e-02
   7.5100562e-02
   7.5019002e-02
   7.4937442e-02
   7.4855882e-02
   7.4774322e-02
   7.4692762e-02
   7.4611202e-02
   7.4529643e-02
   7.4448083e-02
   7.4366523e-02
   7.4284963e-02
   7.4203403e-02
   7.4121843e-02
   7.4040283e-02
   7.3958723e-02
   7.3877163e-02
   7.3795603e-02
   7.3714043e-02
   7.3632483e-02
   7.3550923e-02
   7.3469363e-02
   7.3387803e-02
   7.3306243e-02
   7.3224683e-02
   7.3143123e-02
   7.3061564e-02
   7.2980004e-02
   7.2898444e-02
   7.2816884e-02
   7.2735324e-02
   7.2653764e-02
   7.2572204e-02
   7.2490644e-02
   7.2409084e-02
   7.2327524e-02
   7.2245964e-02
   7.2164404e-02
   7.2082844e-02
   7.2001284e-02
   7.1919724e-02
   7.1838164e-02
   7.1756604e-02
   7.1675044e-02
   7.1593485e-02
   7.1511925e-02
   7.1430365e-02
   7.1348805e-02
   7.1267245e-02
   7.1185685e-02
   7.1104125e-02
   7.1022565e-02
   7.0941005e-02
   7.0859445e-02
   7.0777885e-02
   7.0696325e-02
   7.0614765e-02
   7.0533205e-02
   7.0451645e-02
   7.0370085e-02
   7.0288525e-02
   7.0206965e-02
   7.0125406e-02
   7.0043846e-02
   6.9962286e-02
   6.9880726e-02
   6.9799166e-02
   6.9717606e-02
   6.9636046e-02
   6.9554486e-02
   6.9472926e-02
   6.9391366e-02
   6.9309806e-02
   6.9228246e-02
   6.9146686e-02
   6.9065126e-02
   6.8983566e-02
   6.8902006e-02
   6.8820446e-02
   6.8738886e-02
   6.8657327e-02
   6.8575767e-02
   6.8494207e-02
   6.8412647e-02
   6.8331087e-02
   6.8249527e-02
   6.8167967e-02
   6.8086407e-02
   6.8004847e-02
   6.7923287e-02
   6.7841727e-02
   6.7760167e-02
   6.7678607e-02
   6.7597047e-02
   6.7515487e-02
   6.7433927e-02
   6.7352367e-02
   6.7270807e-02
   6.7189248e-02
   6.7107688e-02
   6.7026128e-02
   6.6944568e-02
   6.6863008e-02
   6.6781448e-02
   6.6699888e-02
   6.6618328e-02
   6.6536768e-02
   6.6455208e-02
   6.6373648e-02
   6.6292088e-02
   6.6210528e-02
   6.6128968e-02
   6.6047408e-02
   6.5965848e-02
   6.5884288e-02
   6.5802728e-02
   6.5721169e-02
   6.5639609e-02
   6.5558049e-02
   6.5476489e-02
   6.5394929e-02
   6.5313369e-02
   6.5231809e-02
   6.5150249e-02
   6.5068689e-02
   6.4987129e-02
   6.4905569e-02
   6.4824009e-02
   6.4742449e-02
   6.4660889e-02
   6.4579329e-02
   6.4497769e-02
   6.4416209e-02
   6.4334649e-02
   6.4253090e-02
   6.4171530e-02
   6.4089970e-02
   6.4008410e-02
   6.3926850e-02
   6.3845290e-02
   6.3763730e-02
   6.3682170e-02
   6.3600610e-02
   6.3519050e-02
   6.3437490e-02
   6.3355930e-02
   6.3274370e-02
   6.3192810e-02
   6.3111250e-02
   6.3029690e-02
   6.2948130e-02
   6.2866570e-02
   6.2785011e-02
   6.2703451e-02
   6.2621891e-02
   6.2540331e-02
   6.2458771e-02
   6.2377211e-02
   6.2295651e-02
   6.2214091e-02
   6.2132531e-02
   6.2050971e-02
   6.1969411e-02
   6.1887851e-02
   6.1806291e-02
   6.1724731e-02
   6.1643171e-02
   6.1561611e-02
   6.1480051e-02
   6.1398491e-02
   6.1316932e-02
   6.1235372e-02
   6.1153812e-02
   6.1072252e-02
   6.0990692e-02
   6.0909132e-02
   6.0827572e-02
   6.0746012e-02
   6.0664452e-02
   6.0582892e-02
   6.0501332e-02
   6.0419772e-02
   6.0338212e-02
   6.0256652e-02
   6.0175092e-02
   6.0093532e-02
   6.0011972e-02
   5.9930412e-02
   5.9848853e-02
   5.9767293e-02
   5.9685733e-02
   5.9604173e-02
   5.9522613e-02
   5.9441053e-02
   5.9359493e-02
   5.9277933e-02
   5.9196373e-02
   5.9114813e-02
   5.9033253e-02
   5.8951693e-02
   5.8870133e-02
   5.8788573e-02
   5.8707013e-02
   5.8625453e-02
   5.8543893e-02
   5.8462333e-02
   5.8380774e-02
   5.8299214e-02
   5.8217654e-02
   5.8136094e-02
   5.8054534e-02
   5.7972974e-02
   5.7891414e-02
   5.7809854e-02
   5.7728294e-02
   5.7673737e-02
   5.7625055e-02
   5.7576373e-02
   5.7527691e-02
   5.7479010e-02
   5.7430328e-02
   5.7381646e-02
   5.7332964e-02
   5.7284282e-02
   5.7235600e-02
   5.7186918e-02
   5.7138236e-02
   5.7089554e-02
   5.7040873e-02
   5.6992191e-02
   5.6943509e-02
   5.6894827e-02
   5.6846145e-02
   5.6797463e-02
   5.6748781e-02
   5.6700099e-02
   5.6651417e-02
   5.6602735e-02
   5.6554054e-02
   5.6505372e-02
   5.6456690e-02
   5.6408008e-02
   5.6359326e-02
   5.6310644e-02
   5.6261962e-02
   5.6213280e-02
   5.6164598e-02
   5.6115917e-02
   5.6067235e-02
   5.6018553e-02
   5.5969871e-02
   5.5921189e-02
   5.5872507e-02
   5.5823825e-02
   5.5775143e-02
   5.5726461e-02
   5.5677779e-02
   5.5629098e-02
   5.5580416e-02
   5.5531734e-02
   5.5483052e-02
   5.5434370e-02
   5.5385688e-02
   5.5337006e-02
   5.5288324e-02
   5.5239642e-02
   5.5190961e-02
   5.5142279e-02
   5.5093597e-02
   5.5044915e-02
   5.4996233e-02
   5.4947551e-02
   5.4898869e-02
   5.4850187e-02
   5.4801505e-02
   5.4752823e-02
   5.4704142e-02
   5.4655460e-02
   5.4606778e-02
   5.4558096e-02
   5.4509414e-02
   5.4460732e-02
   5.4412050e-02
   5.4363368e-02
   5.4314686e-02
   5.4266005e-02
   5.4217323e-02
   5.4168641e-02
   5.4119959e-02
   5.4071277e-02
   5.4022595e-02
   5.3973913e-02
   5.3925231e-02
   5.3876549e-02
   5.3827867e-02
   5.3779186e-02
   5.3730504e-02
   5.3681822e-02
   5.3633140e-02
   5.3584458e-02
   5.3535776e-02
   5.3487094e-02
   5.3438412e-02
   5.3389730e-02
   5.3341049e-02
   5.3292367e-02
   5.3243685e-02
   5.3195003e-02
   5.3146321e-02
   5.3097639e-02
   5.3048957e-02
   5.3000275e-02
   5.2951593e-02
   5.2902912e-02
   5.2854230e-02
   5.2805548e-02
   5.2756866e-02
   5.2708184e-02
   5.2659502e-02
   5.2610820e-02
   5.2562138e-02
   5.2513456e-02
   5.2464774e-02
   5.2416093e-02
   5.2367411e-02
   5.2318729e-02
   5.2270047e-02
   5.2221365e-02
   5.2172683e-02
   5.2124001e-02
   5.2075319e-02
   5.2026637e-02
   5.1977956e-02
   5.1929274e-02
   5.1880592e-02
   5.1831910e-02
   5.1783228e-02
   5.1734546e-02
   5.1685864e-02
   5.1637182e-02
   5.1588500e-02
   5.1539818e-02
   5.1491137e-02
   5.1442455e-02
   5.1393773e-02
   5.1345091e-02
   5.1296409e-02
   5.1247727e-02
   5.1199045e-02
   5.1150363e-02
   5.1101681e-02
   5.1053000e-02
   5.1004318e-02
   5.0955636e-02
   5.0906954e-02
   5.0858272e-02
   5.0809590e-02
   5.0760908e-02
   5.0712226e-02
   5.0663544e-02
   5.0614862e-02
   5.0566181e-02
   5.0517499e-02
   5.0468817e-02
   5.0420135e-02
   5.0371453e-02
   5.0322771e-02
   5.0274089e-02
   5.0225407e-02
   5.0176725e-02
   5.0128044e-02
   5.0079362e-02
   5.0030680e-02
   4.9981998e-02
   4.9933316e-02
   4.9884634e-02
   4.9835952e-02
   4.9787270e-02
   4.9738588e-02
   4.9689907e-02
   4.9641225e-02
   4.9592543e-02
   4.9543861e-02
   4.9495179e-02
   4.9446497e-02
   4.9397815e-02
   4.9349133e-02
   4.9300451e-02
   4.9251769e-02
   4.9203088e-02
   4.9154406e-02
   4.9105724e-02
   4.9057042e-02
   4.9008360e-02
   4.8959678e-02
   4.8910996e-02
   4.8862314e-02
   4.8813632e-02
   4.8764951e-02
   4.8716269e-02
   4.8667587e-02
   4.8618905e-02
   4.8570223e-02
   4.8521541e-02
   4.8472859e-02
   4.8424177e-02
   4.8375495e-02
   4.8326813e-02
   4.8278132e-02
   4.8229450e-02
   4.8180768e-02
   4.8132086e-02
   4.8083404e-02
   4.8034722e-02
   4.7986040e-02
   4.7937358e-02
   4.7888676e-02
   4.7839995e-02
   4.7791313e-02
   4.7742631e-02
   4.7693949e-02
   4.7645267e-02
   4.7596585e-02
   4.7547903e-02
   4.7499221e-02
   4.7450539e-02
   4.7401857e-02
   4.7353176e-02
   4.7304494e-02
   4.7255812e-02
   4.7207130e-02
   4.7158448e-02
   4.7109766e-02
   4.7061084e-02
   4.7012402e-02
   4.6963720e-02
   4.6915039e-02
   4.6866357e-02
   4.6817675e-02
   4.6768993e-02
   4.6720311e-02
   4.6671629e-02
   4.6622947e-02
   4.6574265e-02
   4.6525583e-02
   4.6476901e-02
   4.6428220e-02
   4.6379538e-02
   4.6330856e-02
   4.6282174e-02
   4.6233492e-02
   4.6184810e-02
   4.6136128e-02
   4.6087446e-02
   4.6038764e-02
   4.5990083e-02
   4.5941401e-02
   4.5892719e-02
   4.5844037e-02
   4.5795355e-02
   4.5746673e-02
   4.5697991e-02
   4.5649309e-02
   4.5600627e-02
   4.5551946e-02
   4.5503264e-02
   4.5454582e-02
   4.5405900e-02
   4.5357218e-02
   4.5308536e-02
   4.5259854e-02
   4.5211172e-02
   4.5162490e-02
   4.5113808e-02
   4.5065127e-02
   4.5016445e-02
   4.4967763e-02
   4.4919081e-02
   4.4870399e-02
   4.4821717e-02
   4.4773035e-02
   4.4724353e-02
   4.4675671e-02
   4.4626990e-02
   4.4578308e-02
   4.4529626e-02
   4.4480944e-02
   4.4432262e-02
   4.4383580e-02
   4.4334898e-02
   4.4286216e-02
   4.4237534e-02
   4.4188852e-02
   4.4140171e-02
   4.4091489e-02
   4.4042807e-02
   4.3994125e-02
   4.3945443e-02
   4.3896761e-02
   4.3848079e-02
   4.3799397e-02
   4.3750715e-02
   4.3702034e-02
   4.3653352e-02
   4.3604670e-02
   4.3555988e-02
   4.3507306e-02
   4.3458624e-02
   4.3409942e-02
   4.3361260e-02
   4.3312578e-02
   4.3263896e-02
   4.3215215e-02
   4.3166533e-02
   4.3117851e-02
   4.3069169e-02
   4.3020487e-02
   4.2971805e-02
   4.2923123e-02
   4.2874441e-02
   4.2825759e-02
   4.2777078e-02
   4.2728396e-02
   4.2679714e-02
   4.2631032e-02
   4.2582350e-02
   4.2533668e-02
   4.2484986e-02
   4.2436304e-02
   4.2387622e-02
   4.2338941e-02
   4.2290259e-02
   4.2241577e-02
   4.2192895e-02
   4.2144213e-02
   4.2095531e-02
   4.2046849e-02
   4.1998167e-02
   4.1949485e-02
   4.1900803e-02
   4.1852122e-02
   4.1803440e-02
   4.1754758e-02
   4.1706076e-02
   4.1657394e-02
   4.1608712e-02
   4.1560030e-02
   4.1511348e-02
   4.1462666e-02
   4.1413985e-02
   4.1365303e-02
   4.1316621e-02
   4.1267939e-02
   4.1219257e-02
   4.1170575e-02
   4.1121893e-02
   4.1073211e-02
   4.1024529e-02
   4.0975847e-02
   4.0927166e-02
   4.0878484e-02
   4.0829802e-02
   4.0781120e-02
   4.0732438e-02
   4.0683756e-02
   4.0635074e-02
   4.0586392e-02
   4.0537710e-02
   4.0489029e-02
   4.0440347e-02
   4.0391665e-02
   4.0342983e-02
   4.0294301e-02
   4.0245619e-02
   4.0196937e-02
   4.0148255e-02
   4.0099573e-02
   4.0050891e-02
   4.0002210e-02
   3.9953528e-02
   3.9904846e-02
   3.9856164e-02
   3.9807482e-02
   3.9758800e-02
   3.9710118e-02
   3.9661436e-02
   3.9612754e-02
   3.9564073e-02
   3.9515391e-02
   3.9466709e-02
   3.9418027e-02
   3.9369345e-02
   3.9320663e-02
   3.9271981e-02
   3.9223299e-02
   3.9174617e-02
   3.9125935e-02
   3.9077254e-02
   3.9028572e-02
   3.8979890e-02
   3.8931208e-02
   3.8882526e-02
   3.8833844e-02
   3.8785162e-02
   3.8736480e-02
   3.8687798e-02
   3.8639117e-02
   3.8590435e-02
   3.8541753e-02
   3.8493071e-02
   3.8458787e-02
   3.8425741e-02
   3.8392695e-02
   3.8359649e-02
   3.8326603e-02
   3.8293557e-02
   3.8260511e-02
   3.8227465e-02
   3.8194419e-02
   3.8161373e-02
   3.8128327e-02
   3.8095281e-02
   3.8062236e-02
   3.8029190e-02
   3.7996144e-02
   3.7963098e-02
   3.7930052e-02
   3.7897006e-02
   3.7863960e-02
   3.7830914e-02
   3.7797868e-02
   3.7764822e-02
   3.7731776e-02
   3.7698730e-02
   3.7665684e-02
   3.7632639e-02
   3.7599593e-02
   3.7566547e-02
   3.7533501e-02
   3.7500455e-02
   3.7467409e-02
   3.7434363e-02
   3.7401317e-02
   3.7368271e-02
   3.7335225e-02
   3.7302179e-02
   3.7269133e-02
   3.7236088e-02
   3.7203042e-02
   3.7169996e-02
   3.7136950e-02
   3.7103904e-02
   3.7070858e-02
   3.7037812e-02
   3.7004766e-02
   3.6971720e-02
   3.6938674e-02
   3.6905628e-02
   3.6872582e-02
   3.6839536e-02
   3.6806491e-02
   3.6773445e-02
   3.6740399e-02
   3.6707353e-02
   3.6674307e-02
   3.6641261e-02
   3.6608215e-02
   3.6575169e-02
   3.6542123e-02
   3.6509077e-02
   3.6476031e-02
   3.6442985e-02
   3.6409939e-02
   3.6376894e-02
   3.6343848e-02
   3.6310802e-02
   3.6277756e-02
   3.6244710e-02
   3.6211664e-02
   3.6178618e-02
   3.6145572e-02
   3.6112526e-02
   3.6079480e-02
   3.6046434e-02
   3.6013388e-02
   3.5980343e-02
   3.5947297e-02
   3.5914251e-02
   3.5881205e-02
   3.5848159e-02
   3.5815113e-02
   3.5782067e-02
   3.5749021e-02
   3.5715975e-02
   3.5682929e-02
   3.5649883e-02
   3.5616837e-02
   3.5583791e-02
   3.5550746e-02
   3.5517700e-02
   3.5484654e-02
   3.5451608e-02
   3.5418562e-02
   3.5385516e-02
   3.5352470e-02
   3.5319424e-02
   3.5286378e-02
   3.5253332e-02
   3.5220286e-02
   3.5187240e-02
   3.5154194e-02
   3.5121149e-02
   3.5088103e-02
   3.5055057e-02
   3.5022011e-02
   3.4988965e-02
   3.4955919e-02
   3.4922873e-02
   3.4889827e-02
   3.4856781e-02
   3.4823735e-02
   3.4790689e-02
   3.4757643e-02
   3.4724598e-02
   3.4691552e-02
   3.4658506e-02
   3.4625460e-02
   3.4592414e-02
   3.4559368e-02
   3.4526322e-02
   3.4493276e-02
   3.4460230e-02
   3.4427184e-02
   3.4394138e-02
   3.4361092e-02
   3.4328046e-02
   3.4295001e-02
   3.4261955e-02
   3.4228909e-02
   3.4195863e-02
   3.4162817e-02
   3.4129771e-02
   3.4096725e-02
   3.4063679e-02
   3.4030633e-02
   3.3997587e-02
   3.3964541e-02
   3.3931495e-02
   3.3898450e-02
   3.3865404e-02
   3.3832358e-02
   3.3799312e-02
   3.3766266e-02
   3.3733220e-02
   3.3700174e-02
   3.3667128e-02
   3.3634082e-02
   3.3601036e-02
   3.3567990e-02
   3.3534944e-02
   3.3501898e-02
   3.3468853e-02
   3.3435807e-02
   3.3402761e-02
   3.3369715e-02
   3.3336669e-02
   3.3303623e-02
   3.3270577e-02
   3.3237531e-02
   3.3204485e-02
   3.3171439e-02
   3.3138393e-02
   3.3105347e-02
   3.3072301e-02
   3.3039256e-02
   3.3006210e-02
   3.2973164e-02
   3.2940118e-02
   3.2907072e-02
   3.2874026e-02
   3.2840980e-02
   3.2807934e-02
   3.2774888e-02
   3.2741842e-02
   3.2708796e-02
   3.2675750e-02
   3.2642705e-02
   3.2609659e-02
   3.2576613e-02
   3.2543567e-02
   3.2510521e-02
   3.2477475e-02
   3.2444429e-02
   3.2411383e-02
   3.2378337e-02
   3.2345291e-02
   3.2312245e-02
   3.2279199e-02
   3.2246153e-02
   3.2213108e-02
   3.2180062e-02
   3.2147016e-02
   3.2113970e-02
   3.2080924e-02
   3.2047878e-02
   3.2014832e-02
   3.1981786e-02
   3.1948740e-02
   3.1915694e-02
   3.1882648e-02
   3.1849602e-02
   3.1816556e-02
   3.1783511e-02
   3.1750465e-02
   3.1717419e-02
   3.1684373e-02
   3.1651327e-02
   3.1618281e-02
   3.1585235e-02
   3.1552189e-02
   3.1519143e-02
   3.1486097e-02
   3.1453051e-02
   3.1420005e-02
   3.1386960e-02
   3.1353914e-02
   3.1320868e-02
   3.1287822e-02
   3.1254776e-02
   3.1221730e-02
   3.1188684e-02
   3.1155638e-02
   3.1122592e-02
   3.1089546e-02
   3.1056500e-02
   3.1023454e-02
   3.0990408e-02
   3.0957363e-02
   3.0924317e-02
   3.0891271e-02
   3.0858225e-02
   3.0825179e-02
   3.0792133e-02
   3.0759087e-02
   3.0726041e-02
   3.0692995e-02
   3.0659949e-02
   3.0626903e-02
   3.0593857e-02
   3.0560812e-02
   3.0527766e-02
   3.0494720e-02
   3.0461674e-02
   3.0428628e-02
   3.0395582e-02
   3.0362536e-02
   3.0329490e-02
   3.0296444e-02
   3.0263398e-02
   3.0230352e-02
   3.0197306e-02
   3.0164260e-02
   3.0131215e-02
   3.0098169e-02
   3.0065123e-02
   3.0032077e-02
   2.9999031e-02
   2.9965985e-02
   2.9932939e-02
   2.9899893e-02
   2.9866847e-02
   2.9833801e-02
   2.9800755e-02
   2.9767709e-02
   2.9734663e-02
   2.9701618e-02
   2.9668572e-02
   2.9635526e-02
   2.9602480e-02
   2.9569434e-02
   2.9536388e-02
   2.9503342e-02
   2.9470296e-02
   2.9437250e-02
   2.9404204e-02
   2.9371158e-02
   2.9338112e-02
   2.9305067e-02
   2.9272021e-02
   2.9238975e-02
   2.9205929e-02
   2.9172883e-02
   2.9139837e-02
   2.9106791e-02
   2.9073745e-02
   2.9040699e-02
   2.9007653e-02
   2.8974607e-02
   2.8941561e-02
   2.8908515e-02
   2.8875470e-02
   2.8842424e-02
   2.8809378e-02
   2.8776332e-02
   2.8743286e-02
   2.8710240e-02
   2.8677194e-02
   2.8644148e-02
   2.8611102e-02
   2.8578056e-02
   2.8545010e-02
   2.8511964e-02
   2.8478919e-02
   2.8445873e-02
   2.8414341e-02
   2.8390406e-02
   2.8366472e-02
   2.8342537e-02
   2.8318603e-02
   2.8294668e-02
   2.8270733e-02
   2.8246799e-02
   2.8222864e-02
   2.8198930e-02
   2.8174995e-02
   2.8151060e-02
   2.8127126e-02
   2.8103191e-02
   2.8079257e-02
   2.8055322e-02
   2.8031388e-02
   2.8007453e-02
   2.7983518e-02
   2.7959584e-02
   2.7935649e-02
   2.7911715e-02
   2.7887780e-02
   2.7863846e-02
   2.7839911e-02
   2.7815976e-02
   2.7792042e-02
   2.7768107e-02
   2.7744173e-02
   2.7720238e-02
   2.7696303e-02
   2.7672369e-02
   2.7648434e-02
   2.7624500e-02
   2.7600565e-02
   2.7576631e-02
   2.7552696e-02
   2.7528761e-02
   2.7504827e-02
   2.7480892e-02
   2.7456958e-02
   2.7433023e-02
   2.7409088e-02
   2.7385154e-02
   2.7361219e-02
   2.7337285e-02
   2.7313350e-02
   2.7289416e-02
   2.7265481e-02
   2.7241546e-02
   2.7217612e-02
   2.7193677e-02
   2.7169743e-02
   2.7145808e-02
   2.7121873e-02
   2.7097939e-02
   2.7074004e-02
   2.7050070e-02
   2.7026135e-02
   2.7002201e-02
   2.6978266e-02
   2.6954331e-02
   2.6930397e-02
   2.6906462e-02
   2.6882528e-02
   2.6858593e-02
   2.6834659e-02
   2.6810724e-02
   2.6786789e-02
   2.6762855e-02
   2.6738920e-02
   2.6714986e-02
   2.6691051e-02
   2.6667116e-02
   2.6643182e-02
   2.6619247e-02
   2.6595313e-02
   2.6571378e-02
   2.6547444e-02
   2.6523509e-02
   2.6499574e-02
   2.6475640e-02
   2.6451705e-02
   2.6427771e-02
   2.6403836e-02
   2.6379901e-02
   2.6355967e-02
   2.6332032e-02
   2.6308098e-02
   2.6284163e-02
   2.6260229e-02
   2.6236294e-02
   2.6212359e-02
   2.6188425e-02
   2.6164490e-02
   2.6140556e-02
   2.6116621e-02
   2.6092687e-02
   2.6068752e-02
   2.6044817e-02
   2.6020883e-02
   2.5996948e-02
   2.5973014e-02
   2.5949079e-02
   2.5925144e-02
   2.5901210e-02
   2.5877275e-02
   2.5853341e-02
   2.5829406e-02
   2.5805472e-02
   2.5781537e-02
   2.5757602e-02
   2.5733668e-02
   2.5709733e-02
   2.5685799e-02
   2.5661864e-02
   2.5637929e-02
   2.5613995e-02
   2.5590060e-02
   2.5566126e-02
   2.5542191e-02
   2.5518257e-02
   2.5494322e-02
   2.5470387e-02
   2.5446453e-02
   2.5422518e-02
   2.5398584e-02
   2.5374649e-02
   2.5350715e-02
   2.5326780e-02
   2.5302845e-02
   2.5278911e-02
   2.5254976e-02
   2.5231042e-02
   2.5207107e-02
   2.5183172e-02
   2.5159238e-02
   2.5135303e-02
   2.5111369e-02
   2.5087434e-02
   2.5063500e-02
   2.5039565e-02
   2.5015630e-02
   2.4991696e-02
   2.4967761e-02
   2.4943827e-02
   2.4919892e-02
   2.4895957e-02
   2.4872023e-02
   2.4848088e-02
   2.4824154e-02
   2.4800219e-02
   2.4776285e-02
   2.4752350e-02
   2.4728415e-02
   2.4704481e-02
   2.4680546e-02
   2.4656612e-02
   2.4632677e-02
   2.4608743e-02
   2.4584808e-02
   2.4560873e-02
   2.4536939e-02
   2.4513004e-02
   2.4489070e-02
   2.4465135e-02
   2.4441200e-02
   2.4417266e-02
   2.4393331e-02
   2.4369397e-02
   2.4345462e-02
   2.4321528e-02
   2.4297593e-02
   2.4273658e-02
   2.4249724e-02
   2.4225789e-02
   2.4201855e-02
   2.4177920e-02
   2.4153985e-02
   2.4130051e-02
   2.4106116e-02
   2.4082182e-02
   2.4058247e-02
   2.4034313e-02
   2.4010378e-02
   2.3986443e-02
   2.3962509e-02
   2.3938574e-02
   2.3914640e-02
   2.3890705e-02
   2.3866770e-02
   2.3842836e-02
   2.3818901e-02
   2.3794967e-02
   2.3771032e-02
   2.3747098e-02
   2.3723163e-02
   2.3699228e-02
   2.3675294e-02
   2.3651359e-02
   2.3627425e-02
   2.3603490e-02
   2.3579556e-02
   2.3555621e-02
   2.3531686e-02
   2.3507752e-02
   2.3483817e-02
   2.3459883e-02
   2.3435948e-02
   2.3412013e-02
   2.3388079e-02
   2.3364144e-02
   2.3340210e-02
   2.3316275e-02
   2.3292341e-02
   2.3268406e-02
   2.3244471e-02
   2.3220537e-02
   2.3196602e-02
   2.3172668e-02
   2.3148733e-02
   2.3124798e-02
   2.3100864e-02
   2.3076929e-02
   2.3052995e-02
   2.3029060e-02
   2.3005126e-02
   2.2981191e-02
   2.2957256e-02
   2.2933322e-02
   2.2909387e-02
   2.2885453e-02
   2.2861518e-02
   2.2837584e-02
   2.2813649e-02
   2.2789714e-02
   2.2765780e-02
   2.2741845e-02
   2.2717911e-02
   2.2693976e-02
   2.2670041e-02
   2.2646107e-02
   2.2622172e-02
   2.2598238e-02
   2.2574303e-02
   2.2550369e-02
   2.2526434e-02
   2.2502499e-02
   2.2478565e-02
   2.2454630e-02
   2.2430696e-02
   2.2406761e-02
   2.2382826e-02
   2.2358892e-02
   2.2334957e-02
   2.2311023e-02
   2.2287088e-02
   2.2263154e-02
   2.2239219e-02
   2.2215284e-02
   2.2191350e-02
   2.2167415e-02
   2.2143481e-02
   2.2119546e-02
   2.2095612e-02
   2.2071677e-02
   2.2047742e-02
   2.2023808e-02
   2.1999873e-02
   2.1975939e-02
   2.1952004e-02
   2.1928069e-02
   2.1904135e-02
   2.1880200e-02
   2.1857295e-02
   2.1840550e-02
   2.1823806e-02
   2.1807061e-02
   2.1790316e-02
   2.1773572e-02
   2.1756827e-02
   2.1740083e-02
   2.1723338e-02
   2.1706593e-02
   2.1689849e-02
   2.1673104e-02
   2.1656360e-02
   2.1639615e-02
   2.1622870e-02
   2.1606126e-02
   2.1589381e-02
   2.1572637e-02
   2.1555892e-02
   2.1539147e-02
   2.1522403e-02
   2.1505658e-02
   2.1488914e-02
   2.1472169e-02
   2.1455424e-02
   2.1438680e-02
   2.1421935e-02
   2.1405191e-02
   2.1388446e-02
   2.1371701e-02
   2.1354957e-02
   2.1338212e-02
   2.1321468e-02
   2.1304723e-02
   2.1287978e-02
   2.1271234e-02
   2.1254489e-02
   2.1237745e-02
   2.1221000e-02
   2.1204255e-02
   2.1187511e-02
   2.1170766e-02
   2.1154022e-02
   2.1137277e-02
   2.1120532e-02
   2.1103788e-02
   2.1087043e-02
   2.1070299e-02
   2.1053554e-02
   2.1036809e-02
   2.1020065e-02
   2.1003320e-02
   2.0986576e-02
   2.0969831e-02
   2.0953086e-02
   2.0936342e-02
   2.0919597e-02
   2.0902853e-02
   2.0886108e-02
   2.0869363e-02
   2.0852619e-02
   2.0835874e-02
   2.0819130e-02
   2.0802385e-02
   2.0785640e-02
   2.0768896e-02
   2.0752151e-02
   2.0735407e-02
   2.0718662e-02
   2.0701917e-02
   2.0685173e-02
   2.0668428e-02
   2.0651684e-02
   2.0634939e-02
   2.0618194e-02
   2.0601450e-02
   2.0584705e-02
   2.0567961e-02
   2.0551216e-02
   2.0534471e-02
   2.0517727e-02
   2.0500982e-02
   2.0484238e-02
   2.0467493e-02
   2.0450748e-02
   2.0434004e-02
   2.0417259e-02
   2.0400515e-02
   2.0383770e-02
   2.0367025e-02
   2.0350281e-02
   2.0333536e-02
   2.0316792e-02
   2.0300047e-02
   2.0283302e-02
   2.0266558e-02
   2.0249813e-02
   2.0233069e-02
   2.0216324e-02
   2.0199579e-02
   2.0182835e-02
   2.0166090e-02
   2.0149345e-02
   2.0132601e-02
   2.0115856e-02
   2.0099112e-02
   2.0082367e-02
   2.0065622e-02
   2.0048878e-02
   2.0032133e-02
   2.0015389e-02
   1.9998644e-02
   1.9981899e-02
   1.9965155e-02
   1.9948410e-02
   1.9931666e-02
   1.9914921e-02
   1.9898176e-02
   1.9881432e-02
   1.9864687e-02
   1.9847943e-02
   1.9831198e-02
   1.9814453e-02
   1.9797709e-02
   1.9780964e-02
   1.9764220e-02
   1.9747475e-02
   1.9730730e-02
   1.9713986e-02
   1.9697241e-02
   1.9680497e-02
   1.9663752e-02
   1.9647007e-02
   1.9630263e-02
   1.9613518e-02
   1.9596774e-02
   1.9580029e-02
   1.9563284e-02
   1.9546540e-02
   1.9529795e-02
   1.9513051e-02
   1.9496306e-02
   1.9479561e-02
   1.9462817e-02
   1.9446072e-02
   1.9429328e-02
   1.9412583e-02
   1.9395838e-02
   1.9379094e-02
   1.9362349e-02
   1.9345605e-02
   1.9328860e-02
   1.9312115e-02
   1.9295371e-02
   1.9278626e-02
   1.9261882e-02
   1.9245137e-02
   1.9228392e-02
   1.9211648e-02
   1.9194903e-02
   1.9178159e-02
   1.9161414e-02
   1.9144669e-02
   1.9127925e-02
   1.9111180e-02
   1.9094436e-02
   1.9077691e-02
   1.9060946e-02
   1.9044202e-02
   1.9027457e-02
   1.9010713e-02
   1.8993968e-02
   1.8977223e-02
   1.8960479e-02
   1.8943734e-02
   1.8926990e-02
   1.8910245e-02
   1.8893500e-02
   1.8876756e-02
   1.8860011e-02
   1.8843267e-02
   1.8826522e-02
   1.8809777e-02
   1.8793033e-02
   1.8776288e-02
   1.8759544e-02
   1.8742799e-02
   1.8726054e-02
   1.8709310e-02
   1.8692565e-02
   1.8675821e-02
   1.8659076e-02
   1.8642331e-02
   1.8625587e-02
   1.8608842e-02
   1.8592098e-02
   1.8575353e-02
   1.8558608e-02
   1.8541864e-02
   1.8525119e-02
   1.8508375e-02
   1.8491630e-02
   1.8474885e-02
   1.8458141e-02
   1.8441396e-02
   1.8424652e-02
   1.8407907e-02
   1.8391162e-02
   1.8374418e-02
   1.8357673e-02
   1.8340929e-02
   1.8324184e-02
   1.8307439e-02
   1.8290695e-02
   1.8273950e-02
   1.8257206e-02
   1.8240461e-02
   1.8223716e-02
   1.8206972e-02
   1.8190227e-02
   1.8173483e-02
   1.8156738e-02
   1.8139993e-02
   1.8123249e-02
   1.8106504e-02
   1.8089760e-02
   1.8073015e-02
   1.8056270e-02
   1.8039526e-02
   1.8022781e-02
   1.8006037e-02
   1.7989292e-02
   1.7972547e-02
   1.7955803e-02
   1.7939058e-02
   1.7922314e-02
   1.7905569e-02
   1.7888824e-02
   1.7872080e-02
   1.7855335e-02
   1.7838591e-02
   1.7821846e-02
   1.7805101e-02
   1.7788357e-02
   1.7771612e-02
   1.7754868e-02
   1.7738123e-02
   1.7721378e-02
   1.7704634e-02
   1.7687889e-02
   1.7671144e-02
   1.7654400e-02
   1.7637655e-02
   1.7620911e-02
   1.7604166e-02
   1.7587421e-02
   1.7570677e-02
   1.7553932e-02
   1.7537188e-02
   1.7520443e-02
   1.7503698e-02
   1.7486954e-02
   1.7470209e-02
   1.7453465e-02
   1.7436720e-02
   1.7419975e-02
   1.7403231e-02
   1.7386486e-02
   1.7369742e-02
   1.7352997e-02
   1.7336252e-02
   1.7319508e-02
   1.7302763e-02
   1.7286019e-02
   1.7269274e-02
   1.7252529e-02
   1.7235785e-02
   1.7219040e-02
   1.7202296e-02
   1.7185551e-02
   1.7168806e-02
   1.7152062e-02
   1.7135317e-02
   1.7118573e-02
   1.7101828e-02
   1.7085083e-02
   1.7068339e-02
   1.7051594e-02
   1.7034850e-02
   1.7018105e-02
   1.7001360e-02
   1.6984616e-02
   1.6967871e-02
   1.6951127e-02
   1.6934382e-02
   1.6917637e-02
   1.6900893e-02
   1.6884148e-02
   1.6867404e-02
   1.6850659e-02
   1.6833914e-02
   1.6817170e-02
   1.6800425e-02
   1.6783681e-02
   1.6766936e-02
   1.6750191e-02
   1.6733447e-02
   1.6716702e-02
   1.6699958e-02
   1.6683213e-02
   1.6666468e-02
   1.6649724e-02
   1.6632979e-02
   1.6616235e-02
   1.6599490e-02
   1.6582745e-02
   1.6566001e-02
   1.6549256e-02
   1.6532512e-02
   1.6515767e-02
   1.6499022e-02
   1.6482278e-02
   1.6465533e-02
   1.6448789e-02
   1.6432044e-02
   1.6415299e-02
   1.6398555e-02
   1.6381810e-02
   1.6365066e-02
   1.6348321e-02
   1.6331576e-02
   1.6314832e-02
   1.6298087e-02
   1.6281343e-02
   1.6264598e-02
   1.6247853e-02
   1.6231109e-02
   1.6214364e-02
   1.6197620e-02
   1.6180875e-02
   1.6164130e-02
   1.6147386e-02
   1.6130641e-02
   1.6113897e-02
   1.6097152e-02
   1.6080407e-02
   1.6063663e-02
   1.6046918e-02
   1.6030174e-02
   1.6013429e-02
   1.5996684e-02
   1.5979940e-02
   1.5963195e-02
   1.5946451e-02
   1.5929706e-02
   1.5912961e-02
   1.5896217e-02
   1.5879472e-02
   1.5862728e-02
   1.5845983e-02
   1.5829238e-02
   1.5812494e-02
   1.5799105e-02
   1.5788632e-02
   1.5778158e-02
   1.5767684e-02
   1.5757211e-02
   1.5746737e-02
   1.5736264e-02
   1.5725790e-02
   1.5715317e-02
   1.5704843e-02
   1.5694370e-02
   1.5683896e-02
   1.5673423e-02
   1.5662949e-02
   1.5652475e-02
   1.5642002e-02
   1.5631528e-02
   1.5621055e-02
   1.5610581e-02
   1.5600108e-02
   1.5589634e-02
   1.5579161e-02
   1.5568687e-02
   1.5558213e-02
   1.5547740e-02
   1.5537266e-02
   1.5526793e-02
   1.5516319e-02
   1.5505846e-02
   1.5495372e-02
   1.5484899e-02
   1.5474425e-02
   1.5463952e-02
   1.5453478e-02
   1.5443004e-02
   1.5432531e-02
   1.5422057e-02
   1.5411584e-02
   1.5401110e-02
   1.5390637e-02
   1.5380163e-02
   1.5369690e-02
   1.5359216e-02
   1.5348743e-02
   1.5338269e-02
   1.5327795e-02
   1.5317322e-02
   1.5306848e-02
   1.5296375e-02
   1.5285901e-02
   1.5275428e-02
   1.5264954e-02
   1.5254481e-02
   1.5244007e-02
   1.5233534e-02
   1.5223060e-02
   1.5212586e-02
   1.5202113e-02
   1.5191639e-02
   1.5181166e-02
   1.5170692e-02
   1.5160219e-02
   1.5149745e-02
   1.5139272e-02
   1.5128798e-02
   1.5118325e-02
   1.5107851e-02
   1.5097377e-02
   1.5086904e-02
   1.5076430e-02
   1.5065957e-02
   1.5055483e-02
   1.5045010e-02
   1.5034536e-02
   1.5024063e-02
   1.5013589e-02
   1.5003116e-02
   1.4992642e-02
   1.4982168e-02
   1.4971695e-02
   1.4961221e-02
   1.4950748e-02
   1.4940274e-02
   1.4929801e-02
   1.4919327e-02
   1.4908854e-02
   1.4898380e-02
   1.4887907e-02
   1.4877433e-02
   1.4866959e-02
   1.4856486e-02
   1.4846012e-02
   1.4835539e-02
   1.4825065e-02
   1.4814592e-02
   1.4804118e-02
   1.4793645e-02
   1.4783171e-02
   1.4772698e-02
   1.4762224e-02
   1.4751750e-02
   1.4741277e-02
   1.4730803e-02
   1.4720330e-02
   1.4709856e-02
   1.4699383e-02
   1.4688909e-02
   1.4678436e-02
   1.4667962e-02
   1.4657489e-02
   1.4647015e-02
   1.4636541e-02
   1.4626068e-02
   1.4615594e-02
   1.4605121e-02
   1.4594647e-02
   1.4584174e-02
   1.4573700e-02
   1.4563227e-02
   1.4552753e-02
   1.4542280e-02
   1.4531806e-02
   1.4521332e-02
   1.4510859e-02
   1.4500385e-02
   1.4489912e-02
   1.4479438e-02
   1.4468965e-02
   1.4458491e-02
   1.4448018e-02
   1.4437544e-02
   1.4427071e-02
   1.4416597e-02
   1.4406123e-02
   1.4395650e-02
   1.4385176e-02
   1.4374703e-02
   1.4364229e-02
   1.4353756e-02
   1.4343282e-02
   1.4332809e-02
   1.4322335e-02
   1.4311862e-02
   1.4301388e-02
   1.4290914e-02
   1.4280441e-02
   1.4269967e-02
   1.4259494e-02
   1.4249020e-02
   1.4238547e-02
   1.4228073e-02
   1.4217600e-02
   1.4207126e-02
   1.4196652e-02
   1.4186179e-02
   1.4175705e-02
   1.4165232e-02
   1.4154758e-02
   1.4144285e-02
   1.4133811e-02
   1.4123338e-02
   1.4112864e-02
   1.4102391e-02
   1.4091917e-02
   1.4081443e-02
   1.4070970e-02
   1.4060496e-02
   1.4050023e-02
   1.4039549e-02
   1.4029076e-02
   1.4018602e-02
   1.4008129e-02
   1.3997655e-02
   1.3987182e-02
   1.3976708e-02
   1.3966234e-02
   1.3955761e-02
   1.3945287e-02
   1.3934814e-02
   1.3924340e-02
   1.3913867e-02
   1.3903393e-02
   1.3892920e-02
   1.3882446e-02
   1.3871973e-02
   1.3861499e-02
   1.3851025e-02
   1.3840552e-02
   1.3830078e-02
   1.3819605e-02
   1.3809131e-02
   1.3798658e-02
   1.3788184e-02
   1.3777711e-02
   1.3767237e-02
   1.3756764e-02
   1.3746290e-02
   1.3735816e-02
   1.3725343e-02
   1.3714869e-02
   1.3704396e-02
   1.3693922e-02
   1.3683449e-02
   1.3672975e-02
   1.3662502e-02
   1.3652028e-02
   1.3641555e-02
   1.3631081e-02
   1.3620607e-02
   1.3610134e-02
   1.3599660e-02
   1.3589187e-02
   1.3578713e-02
   1.3568240e-02
   1.3557766e-02
   1.3547293e-02
   1.3536819e-02
   1.3526346e-02
   1.3515872e-02
   1.3505398e-02
   1.3494925e-02
   1.3484451e-02
   1.3473978e-02
   1.3463504e-02
   1.3453031e-02
   1.3442557e-02
   1.3432084e-02
   1.3421610e-02
   1.3411137e-02
   1.3400663e-02
   1.3390189e-02
   1.3379716e-02
   1.3369242e-02
   1.3358769e-02
   1.3348295e-02
   1.3337822e-02
   1.3327348e-02
   1.3316875e-02
   1.3306401e-02
   1.3295928e-02
   1.3285454e-02
   1.3274980e-02
   1.3264507e-02
   1.3254033e-02
   1.3243560e-02
   1.3233086e-02
   1.3222613e-02
   1.3212139e-02
   1.3201666e-02
   1.3191192e-02
   1.3180719e-02
   1.3170245e-02
   1.3159771e-02
   1.3149298e-02
   1.3138824e-02
   1.3128351e-02
   1.3117877e-02
   1.3107404e-02
   1.3096930e-02
   1.3086457e-02
   1.3075983e-02
   1.3065510e-02
   1.3055036e-02
   1.3044562e-02
   1.3034089e-02
   1.3023615e-02
   1.3013142e-02
   1.3002668e-02
   1.2992195e-02
   1.2981721e-02
   1.2971248e-02
   1.2960774e-02
   1.2950301e-02
   1.2939827e-02
   1.2929353e-02
   1.2918880e-02
   1.2908406e-02
   1.2897933e-02
   1.2887459e-02
   1.2876986e-02
   1.2866512e-02
   1.2856039e-02
   1.2845565e-02
   1.2835092e-02
   1.2824618e-02
   1.2814144e-02
   1.2803671e-02
   1.2793197e-02
   1.2782724e-02
   1.2772250e-02
   1.2761777e-02
   1.2751303e-02
   1.2740830e-02
   1.2730356e-02
   1.2719882e-02
   1.2709409e-02
